-catch_rsh /opt/gridengine/default/spool/compute-0-7/active_jobs/35656.1/pe_hostfile
compute-0-7
The primary node assigned by SGE to this run is compute-0-7
Warning: no access to tty (Bad file descriptor).
Thus no job control in this shell.
source /home/sarom/dir.git.branch.saromleang-travis-ci/install.info
setenv GMS_PATH /home/sarom/dir.git.branch.saromleang-travis-ci
setenv GMS_BUILD_DIR /home/sarom/dir.git.branch.saromleang-travis-ci
setenv GMS_TARGET linux64
setenv GMS_FORTRAN gfortran
setenv GMS_GFORTRAN_VERNO 4.4
setenv GMS_MATHLIB mkl-so
setenv GMS_MATHLIB none
setenv GMS_MATHLIB_PATH /share/apps/intel/compilers_and_libraries_2017.1.132/linux/mkl/lib/intel64
setenv GMS_MKL_VERNO 12
setenv GMS_DDI_COMM sockets
setenv GMS_LIBCCHEM false
setenv GMS_EIGEN_PATH
setenv GMS_PHI false
setenv GMS_SHMTYPE sysv
setenv GMS_OPENMP false
unset echo
c60-spectrum
/home/sarom/dir.git.branch.saromleang-travis-ci/tests/rhf/parallel
----- GAMESS execution script 'rungms' -----
This job is running on host compute-0-7.local
under operating system Linux at Wed Aug 9 19:27:41 CDT 2017
Available scratch disk space (Kbyte units) at beginning of the job is
Filesystem           1K-blocks      Used Available Use% Mounted on
/dev/sda1             16126920   3962060  11345660  26% /
GAMESS temporary binary files will be written to /scratch
GAMESS supplementary output files will be written to /home/sarom/restart
Copying input file c60-spectrum.inp to your run's scratch directory...
cp /home/sarom/dir.git.branch.saromleang-travis-ci/tests/rhf/parallel/c60-spectrum.inp /scratch/c60-spectrum.F05
unset echo
The generated host list is
compute-0-7.local
/home/sarom/dir.git.branch.saromleang-travis-ci/ddikick.x /home/sarom/dir.git.branch.saromleang-travis-ci/gamess.00.x c60-spectrum -ddi 1 1 compute-0-7.local -scr /scratch

 Distributed Data Interface kickoff program.
 Initiating 1 compute processes on 1 nodes to run the following command:
 /home/sarom/dir.git.branch.saromleang-travis-ci/gamess.00.x c60-spectrum 

          ******************************************************
          *         GAMESS VERSION = 20 APR 2017 (R1)          *
          *             FROM IOWA STATE UNIVERSITY             *
          * M.W.SCHMIDT, K.K.BALDRIDGE, J.A.BOATZ, S.T.ELBERT, *
          *   M.S.GORDON, J.H.JENSEN, S.KOSEKI, N.MATSUNAGA,   *
          *          K.A.NGUYEN, S.J.SU, T.L.WINDUS,           *
          *       TOGETHER WITH M.DUPUIS, J.A.MONTGOMERY       *
          *         J.COMPUT.CHEM.  14, 1347-1363(1993)        *
          **************** 64 BIT LINUX VERSION ****************

  SINCE 1993, STUDENTS AND POSTDOCS WORKING AT IOWA STATE UNIVERSITY
  AND ALSO IN THEIR VARIOUS JOBS AFTER LEAVING ISU HAVE MADE IMPORTANT
  CONTRIBUTIONS TO THE CODE:
     IVANA ADAMOVIC, CHRISTINE AIKENS, YURI ALEXEEV, POOJA ARORA,
     ANDREY ASADCHEV, ROB BELL, PRADIPTA BANDYOPADHYAY, JONATHAN BENTZ,
     BRETT BODE, KURT BRORSEN, CALEB CARLIN, GALINA CHABAN, WEI CHEN,
     CHEOL HO CHOI, PAUL DAY, ALBERT DEFUSCO, NUWAN DESILVA, TIM DUDLEY,
     DMITRI FEDOROV, GRAHAM FLETCHER, MARK FREITAG, KURT GLAESEMANN,
     DAN KEMP, GRANT MERRILL, NORIYUKI MINEZAWA, JONATHAN MULLIN,
     TAKESHI NAGATA, SEAN NEDD, HEATHER NETZLOFF, BOSILJKA NJEGIC, RYAN OLSON,
     MIKE PAK, SPENCER PRUITT, LUKE ROSKOP, JIM SHOEMAKER, LYUDMILA SLIPCHENKO,
     TONY SMITH, SAROM SOK LEANG, JIE SONG, TETSUYA TAKETSUGU, SIMON WEBB,
     PENG XU, SOOHAENG YOO, FEDERICO ZAHARIEV

  ADDITIONAL CODE HAS BEEN PROVIDED BY COLLABORATORS IN OTHER GROUPS:
     IOWA STATE UNIVERSITY:
          JOE IVANIC, AARON WEST, LAIMUTIS BYTAUTAS, KLAUS RUEDENBERG
     UNIVERSITY OF TOKYO: KIMIHIKO HIRAO, TAKAHITO NAKAJIMA,
          TAKAO TSUNEDA, MUNEAKI KAMIYA, SUSUMU YANAGISAWA,
          KIYOSHI YAGI, MAHITO CHIBA, SEIKEN TOKURA, NAOAKI KAWAKAMI
     UNIVERSITY OF AARHUS: FRANK JENSEN
     UNIVERSITY OF IOWA: VISVALDAS KAIRYS, HUI LI
     NATIONAL INST. OF STANDARDS AND TECHNOLOGY: WALT STEVENS, DAVID GARMER
     UNIVERSITY OF PISA: BENEDETTA MENNUCCI, JACOPO TOMASI
     UNIVERSITY OF MEMPHIS: HENRY KURTZ, PRAKASHAN KORAMBATH
     UNIVERSITY OF ALBERTA: TOBY ZENG, MARIUSZ KLOBUKOWSKI
     UNIVERSITY OF NEW ENGLAND: MARK SPACKMAN
     MIE UNIVERSITY: HIROAKI UMEDA
     NAT. INST. OF ADVANCED INDUSTRIAL SCIENCE AND TECHNOLOGY: KAZUO KITAURA
     MICHIGAN STATE UNIVERSITY:
          KAROL KOWALSKI, MARTA WLOCH, JEFFREY GOUR, JESSE LUTZ,
          WEI LI, PIOTR PIECUCH
     UNIVERSITY OF SILESIA: MONIKA MUSIAL, STANISLAW KUCHARSKI
     FACULTES UNIVERSITAIRES NOTRE-DAME DE LA PAIX:
          OLIVIER QUINET, BENOIT CHAMPAGNE
     UNIVERSITY OF CALIFORNIA - SANTA BARBARA: BERNARD KIRTMAN
     INSTITUTE FOR MOLECULAR SCIENCE:
          KAZUYA ISHIMURA, MICHIO KATOUDA, AND SHIGERU NAGASE
     UNIVERSITY OF NOTRE DAME: ANNA POMOGAEVA, DAN CHIPMAN
     KYUSHU UNIVERSITY:
          HARUYUKI NAKANO,
          FENG LONG GU, JACEK KORCHOWIEC, MARCIN MAKOWSKI, AND YURIKO AOKI,
          HIROTOSHI MORI AND EISAKU MIYOSHI
     PENNSYLVANIA STATE UNIVERSITY:
          TZVETELIN IORDANOV, CHET SWALINA, JONATHAN SKONE,
          SHARON HAMMES-SCHIFFER
     WASEDA UNIVERSITY:
          MASATO KOBAYASHI, TOMOKO AKAMA, TSUGUKI TOUMA,
          TAKESHI YOSHIKAWA, YASUHIRO IKABATA, JUNJI SEINO,
          YUYA NAKAJIMA, HIROMI NAKAI
     NANJING UNIVERSITY: SHUHUA LI
     UNIVERSITY OF NEBRASKA:
          PEIFENG SU, DEJUN SI, NANDUN THELLAMUREGE, YALI WANG, HUI LI
     UNIVERSITY OF ZURICH: ROBERTO PEVERATI, KIM BALDRIDGE
     N. COPERNICUS UNIVERSITY AND JACKSON STATE UNIVERSITY:
          MARIA BARYSZ
     UNIVERSITY OF COPENHAGEN: Jimmy Kromann, CASPER STEINMANN
     TOKYO INSTITUTE OF TECHNOLOGY: HIROYA NAKATA
     NAGOYA UNIVERSITY: YOSHIO NISHIMOTO, STEPHAN IRLE
     MOSCOW STATE UNIVERSITY: VLADIMIR MIRONOV

 EXECUTION OF GAMESS BEGUN Wed Aug  9 19:27:41 2017

            ECHO OF THE FIRST FEW INPUT CARDS -
 INPUT CARD>!  C60, run in highest subgroup of Ih that GAMESS can use: Th                   
 INPUT CARD>!  180 occupied MOs (60 are cores) and 120 Valence Virtual Orbitals             
 INPUT CARD>!                                                                               
 INPUT CARD>!  for the MINI basis set,                                                      
 INPUT CARD>!     F.NAL E= -2256.1586979707, 9 iters, t1u LUMO is +0.0012 (e1u+a2u)         
 INPUT CARD>!  this run takes 78 seconds on 2.66 GHz Cloverton (17 Mar 2015)                
 INPUT CARD>!                                                                               
 INPUT CARD>!---------------------------------------------------------------------          
 INPUT CARD>!  See "Quantum Mechanics, Group Theory, and C60",                              
 INPUT CARD>!       Frank Rioux, J.Chem.Ed. 71, 464-465(1994)                               
 INPUT CARD>!      "Vibrational analysis for C60 and other fullerenes"                      
 INPUT CARD>!       Frank Rioux, J.Chem.Ed. 80, 1380(2003)                                  
 INPUT CARD>!  The former has references to experimental and Huckel spectra:                
 INPUT CARD>!  there is thought to be a dark T1u as LUMO and then an allowed                
 INPUT CARD>!  T2u as LUMO+1, at least in the early '90s literature.                        
 INPUT CARD>!  But VVOs and an ordinary MINI calculation both place T1g and Hg              
 INPUT CARD>!  levels (both obviously dark) between these two.                              
 INPUT CARD>!                                                                               
 INPUT CARD>!  * ACCT has 3300 AOs, drops 540 contaminants, and 106 more at                 
 INPUT CARD>!  the slightly raised Qmatrix TOL=5d-6, for total of 2654 MOs.                 
 INPUT CARD>!  The smallest eigenvalue of S for ACCT is 1D-10!                              
 INPUT CARD>!     F.NAL E= -2272.4475041384 for ACCT                                        
 INPUT CARD>!  Can get convergence from extended Huckel guess with RSTRCT                   
 INPUT CARD>!  turned on, but RDMINI of all orbitals from a GBASIS=MINI job                 
 INPUT CARD>!  is quicker, and the ACCT SCF without any orbital restriction                 
 INPUT CARD>!  can be counted on to sort orbitals by eigenvalue.                            
 INPUT CARD>!  A little extra precision with the integrals doesn't hurt.                    
 INPUT CARD>!  The MINI calculation is so quick, its orbs aren't stored here.               
 INPUT CARD>!  *  CCT has 2100 AOs, drops 300 contaminants, but no linear                   
 INPUT CARD>!  dependencies at default Qmatrix TOL, thus keeping 1800 AOs.                  
 INPUT CARD>!     F.NAL E= -2272.4332570912 for  CCT                                        
 INPUT CARD>!  Convergence from extended Huckel is a piece of cake.                         
 INPUT CARD>!  * MINI is just 300 AOs, for the ACCT D5d geometry,                           
 INPUT CARD>!     F.NAL E= -2256.1586979707, 9 iters, 78 s.conds on 1 Cloverton core        
 INPUT CARD>!                                                                               
 INPUT CARD>!  Orbital symmetry assignments in Ih are easily gleaned from the               
 INPUT CARD>!  labels in D5d, using Altmann and Herzig's subduction table 75.9:             
 INPUT CARD>!  Ax=A1x, T1x=A2x+E1x, T2x=A2x+E2x, Gx=E1x+E2x, Hx=A1x+E1x+E2x (x=g/u),        
 INPUT CARD>!  writing Gx rather than their Fx as name of the 4-fold degen. irrep.          
 INPUT CARD>!                                                                               
 INPUT CARD>!  VVO spectrum is                                                              
 INPUT CARD>!                   CCT     ACCT    Th        D5d          Ih                   
 INPUT CARD>!      163-166   -0.4661  -0.4677  au,tu   e1u,e2u         Gu                   
 INPUT CARD>!      167-170   -0.3654  -0.3699  ag,tg   e1g,e2g         Gg                   
 INPUT CARD>!      171-175   -0.3538  -0.3553  eg,tg   e1g,e2g,a1g     Hg                   
 INPUT CARD>!      176-180   -0.2889  -0.2903  eu,tu   e1u,e2u,a1u     Hu                   
 INPUT CARD>!      181-183   +0.0215  +0.0199  tu      a2u,e1u         T1u                  
 INPUT CARD>!      184-186   +0.0872  +0.0856  tg      e1g,a2g         T1g                  
 INPUT CARD>!      187-191   +0.1567  +0.1551  eg,tg   e2g,e1g,a1g     Hg                   
 INPUT CARD>!      192-194   +0.1622  +0.1606  tu      e2u,a2u         T2u                  
  100000000 WORDS OF MEMORY AVAILABLE

     BASIS OPTIONS
     -------------
     GBASIS=MINI         IGAUSS=       0      POLAR=NONE    
     NDFUNC=       0     NFFUNC=       0     DIFFSP=       F
     NPFUNC=       0      DIFFS=       F     BASNAM=        


     RUN TITLE
     ---------
 Buckminsterfullerene...a different subgroup                                     

 THE POINT GROUP OF THE MOLECULE IS DND     
 THE ORDER OF THE PRINCIPAL AXIS IS     5

 ATOM      ATOMIC                      COORDINATES (BOHR)
           CHARGE         X                   Y                   Z
 C           6.0    -2.2107048193        0.7183015383        6.2208258978
 C           6.0    -1.3662907174       -1.8805378416        6.2208258978
 C           6.0     1.3662907174       -1.8805378416        6.2208258978
 C           6.0     2.2107048193        0.7183015383        6.2208258978
 C           6.0     0.0000000000       -2.3244726064       -6.2208258978
 C           6.0     2.2107048193       -0.7183015383       -6.2208258978
 C           6.0     1.3662907174        1.8805378416       -6.2208258978
 C           6.0    -1.3662907174        1.8805378416       -6.2208258978
 C           6.0    -2.2107048193       -0.7183015383       -6.2208258978
 C           6.0     0.0000000000        2.3244726064        6.2208258978
 C           6.0    -4.3033217877        1.3982340081        4.8611096163
 C           6.0    -2.6595991293       -3.6606241573        4.8611096163
 C           6.0     2.6595991293       -3.6606241573        4.8611096163
 C           6.0     4.3033217877        1.3982340081        4.8611096163
 C           6.0     0.0000000000       -4.5247802985       -4.8611096163
 C           6.0     4.3033217877       -1.3982340081       -4.8611096163
 C           6.0     2.6595991293        3.6606241573       -4.8611096163
 C           6.0    -2.6595991293        3.6606241573       -4.8611096163
 C           6.0    -4.3033217877       -1.3982340081       -4.8611096163
 C           6.0     0.0000000000        4.5247802985        4.8611096163
 C           6.0    -4.3033567634        3.7227831463        3.4245526511
 C           6.0    -4.8703875428       -2.9423322332        3.4245526511
 C           6.0     1.2932917236       -5.5412444726        3.4245526511
 C           6.0     5.6696857853       -0.4823451908        3.4245526511
 C           6.0     2.2107667973       -5.2431387504       -3.4245526511
 C           6.0     5.6696857853        0.4823451908       -3.4245526511
 C           6.0     1.2932917236        5.5412444726       -3.4245526511
 C           6.0    -4.8703875428        2.9423322332       -3.4245526511
 C           6.0    -4.3033567634       -3.7227831463       -3.4245526511
 C           6.0     4.8703875428       -2.9423322332        3.4245526511
 C           6.0     4.3033567634        3.7227831463        3.4245526511
 C           6.0    -2.2107667973        5.2431387504        3.4245526511
 C           6.0    -5.6696857853       -0.4823451908        3.4245526511
 C           6.0    -1.2932917236       -5.5412444726        3.4245526511
 C           6.0     4.8703875428        2.9423322332       -3.4245526511
 C           6.0    -1.2932917236        5.5412444726       -3.4245526511
 C           6.0    -5.6696857853        0.4823451908       -3.4245526511
 C           6.0    -2.2107667973       -5.2431387504       -3.4245526511
 C           6.0     4.3033567634       -3.7227831463       -3.4245526511
 C           6.0     2.2107667973        5.2431387504        3.4245526511
 C           6.0    -5.6697058571        3.2788320422        1.1001073002
 C           6.0    -4.8703900425       -4.3789958782        1.1001073002
 C           6.0     2.6596392724       -5.9852003315        1.1001073002
 C           6.0     6.5141375106        0.6799386438        1.1001073002
 C           6.0     1.3663191166       -6.4054255236       -1.1001073002
 C           6.0     6.5141375106       -0.6799386438       -1.1001073002
 C           6.0     2.6596392724        5.9852003315       -1.1001073002
 C           6.0    -4.8703900425        4.3789958782       -1.1001073002
 C           6.0    -5.6697058571       -3.2788320422       -1.1001073002
 C           6.0     4.8703900425       -4.3789958782        1.1001073002
 C           6.0     5.6697058571        3.2788320422        1.1001073002
 C           6.0    -1.3663191166        6.4054255236        1.1001073002
 C           6.0    -6.5141375106        0.6799386438        1.1001073002
 C           6.0    -2.6596392724       -5.9852003315        1.1001073002
 C           6.0     4.8703900425        4.3789958782       -1.1001073002
 C           6.0    -2.6596392724        5.9852003315       -1.1001073002
 C           6.0    -6.5141375106       -0.6799386438       -1.1001073002
 C           6.0    -1.3663191166       -6.4054255236       -1.1001073002
 C           6.0     5.6697058571       -3.2788320422       -1.1001073002
 C           6.0     1.3663191166        6.4054255236        1.1001073002

          INTERNUCLEAR DISTANCES (ANGS.)
          ------------------------------

                1 C          2 C          3 C          4 C          5 C     

   1 C       0.0000000    1.4460199 *  2.3397094 *  2.3397094 *  6.8780909  
   2 C       1.4460199 *  0.0000000    1.4460199 *  2.3397094 *  6.6275839  
   3 C       2.3397094 *  1.4460199 *  0.0000000    1.4460199 *  6.6275839  
   4 C       2.3397094 *  2.3397094 *  1.4460199 *  0.0000000    6.8780909  
   5 C       6.8780909    6.6275839    6.6275839    6.8780909    0.0000000  
   6 C       7.0284499    6.8780909    6.6275839    6.6275839    1.4460199 *
   7 C       6.8780909    7.0284499    6.8780909    6.6275839    2.3397094 *
   8 C       6.6275839    6.8780909    7.0284499    6.8780909    2.3397094 *
   9 C       6.6275839    6.6275839    6.8780909    7.0284499    1.4460199 *
  10 C       1.4460199 *  2.3397094 *  2.3397094 *  1.4460199 *  7.0284499  
  11 C       1.3687374 *  2.4379699 *  3.5397045    3.5397045    6.5921642  
  12 C       2.4379699 *  1.3687374 *  2.4379699 *  3.5397045    6.0721346  
  13 C       3.5397045    2.4379699 *  1.3687374 *  2.4379699 *  6.0721346  
  14 C       3.5397045    3.5397045    2.4379699 *  1.3687374 *  6.5921642  
  15 C       6.5921642    6.0721346    6.0721346    6.5921642    1.3687374 *
  16 C       6.8939745    6.5921642    6.0721346    6.0721346    2.4379699 *
  17 C       6.5921642    6.8939745    6.5921642    6.0721346    3.5397045  
  18 C       6.0721346    6.5921642    6.8939745    6.5921642    3.5397045  
  19 C       6.0721346    6.0721346    6.5921642    6.8939745    2.4379699 *
  20 C       2.4379699 *  3.5397045    3.5397045    2.4379699 *  6.8939745  
  21 C       2.4379654 *  3.6602356    4.4702560    4.0742886    6.4403612  
  22 C       2.8147701 *  2.4379654 *  3.6602356    4.4702560    5.7272468  
  23 C       4.0742886    2.8147701 *  2.4379654 *  3.6602356    5.4238358  
  24 C       4.4702560    4.0742886    2.8147701 *  2.4379654 *  6.0003216  
  25 C       6.4403612    5.7272468    5.4238358    6.0003216    2.4379654 *
  26 C       6.5922309    6.4403612    5.7272468    5.4238358    3.6602356  
  27 C       6.0003216    6.5922309    6.4403612    5.7272468    4.4702560  
  28 C       5.4238358    6.0003216    6.5922309    6.4403612    4.0742886  
  29 C       5.7272468    5.4238358    6.0003216    6.5922309    2.8147701 *
  30 C       4.4702560    3.6602356    2.4379654 *  2.8147701 *  5.7272468  
  31 C       4.0742886    4.4702560    3.6602356    2.4379654 *  6.4403612  
  32 C       2.8147701 *  4.0742886    4.4702560    3.6602356    6.5922309  
  33 C       2.4379654 *  2.8147701 *  4.0742886    4.4702560    6.0003216  
  34 C       3.6602356    2.4379654 *  2.8147701 *  4.0742886    5.4238358  
  35 C       6.4403612    6.5922309    6.0003216    5.4238358    4.0742886  
  36 C       5.7272468    6.4403612    6.5922309    6.0003216    4.4702560  
  37 C       5.4238358    5.7272468    6.4403612    6.5922309    3.6602356  
  38 C       6.0003216    5.4238358    5.7272468    6.4403612    2.4379654 *
  39 C       6.5922309    6.0003216    5.4238358    5.7272468    2.8147701 *
  40 C       3.6602356    4.4702560    4.0742886    2.8147701 *  6.5922309  
  41 C       3.5396683    4.4702243    5.3534879    5.1544947    5.7273177  
  42 C       4.0742568    3.5396683    4.4702243    5.3534879    4.7783805  
  43 C       5.1544947    4.0742568    3.5396683    4.4702243    4.5543280  
  44 C       5.3534879    5.1544947    4.0742568    3.5396683    5.4239129  
  45 C       5.7273177    4.7783805    4.5543280    5.4239129    3.5396683  
  46 C       6.0722717    5.7273177    4.7783805    4.5543280    4.4702243  
  47 C       5.4239129    6.0722717    5.7273177    4.7783805    5.3534879  
  48 C       4.5543280    5.4239129    6.0722717    5.7273177    5.1544947  
  49 C       4.7783805    4.5543280    5.4239129    6.0722717    4.0742568  
  50 C       5.3534879    4.4702243    3.5396683    4.0742568    4.7783805  
  51 C       5.1544947    5.3534879    4.4702243    3.5396683    5.7273177  
  52 C       4.0742568    5.1544947    5.3534879    4.4702243    6.0722717  
  53 C       3.5396683    4.0742568    5.1544947    5.3534879    5.4239129  
  54 C       4.4702243    3.5396683    4.0742568    5.1544947    4.5543280  
  55 C       5.7273177    6.0722717    5.4239129    4.5543280    5.1544947  
  56 C       4.7783805    5.7273177    6.0722717    5.4239129    5.3534879  
  57 C       4.5543280    4.7783805    5.7273177    6.0722717    4.4702243  
  58 C       5.4239129    4.5543280    4.7783805    5.7273177    3.5396683  
  59 C       6.0722717    5.4239129    4.5543280    4.7783805    4.0742568  
  60 C       4.4702243    5.3534879    5.1544947    4.0742568    6.0722717  

                6 C          7 C          8 C          9 C         10 C     

   1 C       7.0284499    6.8780909    6.6275839    6.6275839    1.4460199 *
   2 C       6.8780909    7.0284499    6.8780909    6.6275839    2.3397094 *
   3 C       6.6275839    6.8780909    7.0284499    6.8780909    2.3397094 *
   4 C       6.6275839    6.6275839    6.8780909    7.0284499    1.4460199 *
   5 C       1.4460199 *  2.3397094 *  2.3397094 *  1.4460199 *  7.0284499  
   6 C       0.0000000    1.4460199 *  2.3397094 *  2.3397094 *  6.8780909  
   7 C       1.4460199 *  0.0000000    1.4460199 *  2.3397094 *  6.6275839  
   8 C       2.3397094 *  1.4460199 *  0.0000000    1.4460199 *  6.6275839  
   9 C       2.3397094 *  2.3397094 *  1.4460199 *  0.0000000    6.8780909  
  10 C       6.8780909    6.6275839    6.6275839    6.8780909    0.0000000  
  11 C       6.8939745    6.5921642    6.0721346    6.0721346    2.4379699 *
  12 C       6.5921642    6.8939745    6.5921642    6.0721346    3.5397045  
  13 C       6.0721346    6.5921642    6.8939745    6.5921642    3.5397045  
  14 C       6.0721346    6.0721346    6.5921642    6.8939745    2.4379699 *
  15 C       2.4379699 *  3.5397045    3.5397045    2.4379699 *  6.8939745  
  16 C       1.3687374 *  2.4379699 *  3.5397045    3.5397045    6.5921642  
  17 C       2.4379699 *  1.3687374 *  2.4379699 *  3.5397045    6.0721346  
  18 C       3.5397045    2.4379699 *  1.3687374 *  2.4379699 *  6.0721346  
  19 C       3.5397045    3.5397045    2.4379699 *  1.3687374 *  6.5921642  
  20 C       6.5921642    6.0721346    6.0721346    6.5921642    1.3687374 *
  21 C       6.5922309    6.0003216    5.4238358    5.7272468    2.8147701 *
  22 C       6.4403612    6.5922309    6.0003216    5.4238358    4.0742886  
  23 C       5.7272468    6.4403612    6.5922309    6.0003216    4.4702560  
  24 C       5.4238358    5.7272468    6.4403612    6.5922309    3.6602356  
  25 C       2.8147701 *  4.0742886    4.4702560    3.6602356    6.5922309  
  26 C       2.4379654 *  2.8147701 *  4.0742886    4.4702560    6.0003216  
  27 C       3.6602356    2.4379654 *  2.8147701 *  4.0742886    5.4238358  
  28 C       4.4702560    3.6602356    2.4379654 *  2.8147701 *  5.7272468  
  29 C       4.0742886    4.4702560    3.6602356    2.4379654 *  6.4403612  
  30 C       5.4238358    6.0003216    6.5922309    6.4403612    4.0742886  
  31 C       5.7272468    5.4238358    6.0003216    6.5922309    2.8147701 *
  32 C       6.4403612    5.7272468    5.4238358    6.0003216    2.4379654 *
  33 C       6.5922309    6.4403612    5.7272468    5.4238358    3.6602356  
  34 C       6.0003216    6.5922309    6.4403612    5.7272468    4.4702560  
  35 C       2.8147701 *  2.4379654 *  3.6602356    4.4702560    5.7272468  
  36 C       4.0742886    2.8147701 *  2.4379654 *  3.6602356    5.4238358  
  37 C       4.4702560    4.0742886    2.8147701 *  2.4379654 *  6.0003216  
  38 C       3.6602356    4.4702560    4.0742886    2.8147701 *  6.5922309  
  39 C       2.4379654 *  3.6602356    4.4702560    4.0742886    6.4403612  
  40 C       6.0003216    5.4238358    5.7272468    6.4403612    2.4379654 *
  41 C       6.0722717    5.4239129    4.5543280    4.7783805    4.0742568  
  42 C       5.7273177    6.0722717    5.4239129    4.5543280    5.1544947  
  43 C       4.7783805    5.7273177    6.0722717    5.4239129    5.3534879  
  44 C       4.5543280    4.7783805    5.7273177    6.0722717    4.4702243  
  45 C       4.0742568    5.1544947    5.3534879    4.4702243    6.0722717  
  46 C       3.5396683    4.0742568    5.1544947    5.3534879    5.4239129  
  47 C       4.4702243    3.5396683    4.0742568    5.1544947    4.5543280  
  48 C       5.3534879    4.4702243    3.5396683    4.0742568    4.7783805  
  49 C       5.1544947    5.3534879    4.4702243    3.5396683    5.7273177  
  50 C       4.5543280    5.4239129    6.0722717    5.7273177    5.1544947  
  51 C       4.7783805    4.5543280    5.4239129    6.0722717    4.0742568  
  52 C       5.7273177    4.7783805    4.5543280    5.4239129    3.5396683  
  53 C       6.0722717    5.7273177    4.7783805    4.5543280    4.4702243  
  54 C       5.4239129    6.0722717    5.7273177    4.7783805    5.3534879  
  55 C       4.0742568    3.5396683    4.4702243    5.3534879    4.7783805  
  56 C       5.1544947    4.0742568    3.5396683    4.4702243    4.5543280  
  57 C       5.3534879    5.1544947    4.0742568    3.5396683    5.4239129  
  58 C       4.4702243    5.3534879    5.1544947    4.0742568    6.0722717  
  59 C       3.5396683    4.4702243    5.3534879    5.1544947    5.7273177  
  60 C       5.4239129    4.5543280    4.7783805    5.7273177    3.5396683  

               11 C         12 C         13 C         14 C         15 C     

   1 C       1.3687374 *  2.4379699 *  3.5397045    3.5397045    6.5921642  
   2 C       2.4379699 *  1.3687374 *  2.4379699 *  3.5397045    6.0721346  
   3 C       3.5397045    2.4379699 *  1.3687374 *  2.4379699 *  6.0721346  
   4 C       3.5397045    3.5397045    2.4379699 *  1.3687374 *  6.5921642  
   5 C       6.5921642    6.0721346    6.0721346    6.5921642    1.3687374 *
   6 C       6.8939745    6.5921642    6.0721346    6.0721346    2.4379699 *
   7 C       6.5921642    6.8939745    6.5921642    6.0721346    3.5397045  
   8 C       6.0721346    6.5921642    6.8939745    6.5921642    3.5397045  
   9 C       6.0721346    6.0721346    6.5921642    6.8939745    2.4379699 *
  10 C       2.4379699 *  3.5397045    3.5397045    2.4379699 *  6.8939745  
  11 C       0.0000000    2.8147987 *  4.5544400    4.5544400    6.4403768  
  12 C       2.8147987 *  0.0000000    2.8147987 *  4.5544400    5.3533748  
  13 C       4.5544400    2.8147987 *  0.0000000    2.8147987 *  5.3533748  
  14 C       4.5544400    4.5544400    2.8147987 *  0.0000000    6.4403768  
  15 C       6.4403768    5.3533748    5.3533748    6.4403768    0.0000000  
  16 C       7.0286233    6.4403768    5.3533748    5.3533748    2.8147987 *
  17 C       6.4403768    7.0286233    6.4403768    5.3533748    4.5544400  
  18 C       5.3533748    6.4403768    7.0286233    6.4403768    4.5544400  
  19 C       5.3533748    5.3533748    6.4403768    7.0286233    2.8147987 *
  20 C       2.8147987 *  4.5544400    4.5544400    2.8147987 *  7.0286233  
  21 C       1.4460415 *  4.0743328    5.4240321    4.7785069    6.5923121  
  22 C       2.4379957 *  1.4460415 *  4.0743328    5.4240321    5.1544422  
  23 C       4.7785069    2.4379957 *  1.4460415 *  4.0743328    4.4701542  
  24 C       5.4240321    4.7785069    2.4379957 *  1.4460415 *  5.7273218  
  25 C       6.5923121    5.1544422    4.4701542    5.7273218    1.4460415 *
  26 C       6.8783258    6.5923121    5.1544422    4.4701542    4.0743328  
  27 C       5.7273218    6.8783258    6.5923121    5.1544422    5.4240321  
  28 C       4.4701542    5.7273218    6.8783258    6.5923121    4.7785069  
  29 C       5.1544422    4.4701542    5.7273218    6.8783258    2.4379957 *
  30 C       5.4240321    4.0743328    1.4460415 *  2.4379957 *  5.1544422  
  31 C       4.7785069    5.4240321    4.0743328    1.4460415 *  6.5923121  
  32 C       2.4379957 *  4.7785069    5.4240321    4.0743328    6.8783258  
  33 C       1.4460415 *  2.4379957 *  4.7785069    5.4240321    5.7273218  
  34 C       4.0743328    1.4460415 *  2.4379957 *  4.7785069    4.4701542  
  35 C       6.5923121    6.8783258    5.7273218    4.4701542    4.7785069  
  36 C       5.1544422    6.5923121    6.8783258    5.7273218    5.4240321  
  37 C       4.4701542    5.1544422    6.5923121    6.8783258    4.0743328  
  38 C       5.7273218    4.4701542    5.1544422    6.5923121    1.4460415 *
  39 C       6.8783258    5.7273218    4.4701542    5.1544422    2.4379957 *
  40 C       4.0743328    5.4240321    4.7785069    2.4379957 *  6.8783258  
  41 C       2.3397052 *  4.4702773    6.0723755    5.7274257    6.0004602  
  42 C       3.6602502    2.3397052 *  4.4702773    6.0723755    4.0742545  
  43 C       5.7274257    3.6602502    2.3397052 *  4.4702773    3.5396624  
  44 C       6.0723755    5.7274257    3.6602502    2.3397052 *  5.4239815  
  45 C       6.0004602    4.0742545    3.5396624    5.4239815    2.3397052 *
  46 C       6.6278755    6.0004602    4.0742545    3.5396624    4.4702773  
  47 C       5.4239815    6.6278755    6.0004602    4.0742545    6.0723755  
  48 C       3.5396624    5.4239815    6.6278755    6.0004602    5.7274257  
  49 C       4.0742545    3.5396624    5.4239815    6.6278755    3.6602502  
  50 C       6.0723755    4.4702773    2.3397052 *  3.6602502    4.0742545  
  51 C       5.7274257    6.0723755    4.4702773    2.3397052 *  6.0004602  
  52 C       3.6602502    5.7274257    6.0723755    4.4702773    6.6278755  
  53 C       2.3397052 *  3.6602502    5.7274257    6.0723755    5.4239815  
  54 C       4.4702773    2.3397052 *  3.6602502    5.7274257    3.5396624  
  55 C       6.0004602    6.6278755    5.4239815    3.5396624    5.7274257  
  56 C       4.0742545    6.0004602    6.6278755    5.4239815    6.0723755  
  57 C       3.5396624    4.0742545    6.0004602    6.6278755    4.4702773  
  58 C       5.4239815    3.5396624    4.0742545    6.0004602    2.3397052 *
  59 C       6.6278755    5.4239815    3.5396624    4.0742545    3.6602502  
  60 C       4.4702773    6.0723755    5.7274257    3.6602502    6.6278755  

               16 C         17 C         18 C         19 C         20 C     

   1 C       6.8939745    6.5921642    6.0721346    6.0721346    2.4379699 *
   2 C       6.5921642    6.8939745    6.5921642    6.0721346    3.5397045  
   3 C       6.0721346    6.5921642    6.8939745    6.5921642    3.5397045  
   4 C       6.0721346    6.0721346    6.5921642    6.8939745    2.4379699 *
   5 C       2.4379699 *  3.5397045    3.5397045    2.4379699 *  6.8939745  
   6 C       1.3687374 *  2.4379699 *  3.5397045    3.5397045    6.5921642  
   7 C       2.4379699 *  1.3687374 *  2.4379699 *  3.5397045    6.0721346  
   8 C       3.5397045    2.4379699 *  1.3687374 *  2.4379699 *  6.0721346  
   9 C       3.5397045    3.5397045    2.4379699 *  1.3687374 *  6.5921642  
  10 C       6.5921642    6.0721346    6.0721346    6.5921642    1.3687374 *
  11 C       7.0286233    6.4403768    5.3533748    5.3533748    2.8147987 *
  12 C       6.4403768    7.0286233    6.4403768    5.3533748    4.5544400  
  13 C       5.3533748    6.4403768    7.0286233    6.4403768    4.5544400  
  14 C       5.3533748    5.3533748    6.4403768    7.0286233    2.8147987 *
  15 C       2.8147987 *  4.5544400    4.5544400    2.8147987 *  7.0286233  
  16 C       0.0000000    2.8147987 *  4.5544400    4.5544400    6.4403768  
  17 C       2.8147987 *  0.0000000    2.8147987 *  4.5544400    5.3533748  
  18 C       4.5544400    2.8147987 *  0.0000000    2.8147987 *  5.3533748  
  19 C       4.5544400    4.5544400    2.8147987 *  0.0000000    6.4403768  
  20 C       6.4403768    5.3533748    5.3533748    6.4403768    0.0000000  
  21 C       6.8783258    5.7273218    4.4701542    5.1544422    2.4379957 *
  22 C       6.5923121    6.8783258    5.7273218    4.4701542    4.7785069  
  23 C       5.1544422    6.5923121    6.8783258    5.7273218    5.4240321  
  24 C       4.4701542    5.1544422    6.5923121    6.8783258    4.0743328  
  25 C       2.4379957 *  4.7785069    5.4240321    4.0743328    6.8783258  
  26 C       1.4460415 *  2.4379957 *  4.7785069    5.4240321    5.7273218  
  27 C       4.0743328    1.4460415 *  2.4379957 *  4.7785069    4.4701542  
  28 C       5.4240321    4.0743328    1.4460415 *  2.4379957 *  5.1544422  
  29 C       4.7785069    5.4240321    4.0743328    1.4460415 *  6.5923121  
  30 C       4.4701542    5.7273218    6.8783258    6.5923121    4.7785069  
  31 C       5.1544422    4.4701542    5.7273218    6.8783258    2.4379957 *
  32 C       6.5923121    5.1544422    4.4701542    5.7273218    1.4460415 *
  33 C       6.8783258    6.5923121    5.1544422    4.4701542    4.0743328  
  34 C       5.7273218    6.8783258    6.5923121    5.1544422    5.4240321  
  35 C       2.4379957 *  1.4460415 *  4.0743328    5.4240321    5.1544422  
  36 C       4.7785069    2.4379957 *  1.4460415 *  4.0743328    4.4701542  
  37 C       5.4240321    4.7785069    2.4379957 *  1.4460415 *  5.7273218  
  38 C       4.0743328    5.4240321    4.7785069    2.4379957 *  6.8783258  
  39 C       1.4460415 *  4.0743328    5.4240321    4.7785069    6.5923121  
  40 C       5.7273218    4.4701542    5.1544422    6.5923121    1.4460415 *
  41 C       6.6278755    5.4239815    3.5396624    4.0742545    3.6602502  
  42 C       6.0004602    6.6278755    5.4239815    3.5396624    5.7274257  
  43 C       4.0742545    6.0004602    6.6278755    5.4239815    6.0723755  
  44 C       3.5396624    4.0742545    6.0004602    6.6278755    4.4702773  
  45 C       3.6602502    5.7274257    6.0723755    4.4702773    6.6278755  
  46 C       2.3397052 *  3.6602502    5.7274257    6.0723755    5.4239815  
  47 C       4.4702773    2.3397052 *  3.6602502    5.7274257    3.5396624  
  48 C       6.0723755    4.4702773    2.3397052 *  3.6602502    4.0742545  
  49 C       5.7274257    6.0723755    4.4702773    2.3397052 *  6.0004602  
  50 C       3.5396624    5.4239815    6.6278755    6.0004602    5.7274257  
  51 C       4.0742545    3.5396624    5.4239815    6.6278755    3.6602502  
  52 C       6.0004602    4.0742545    3.5396624    5.4239815    2.3397052 *
  53 C       6.6278755    6.0004602    4.0742545    3.5396624    4.4702773  
  54 C       5.4239815    6.6278755    6.0004602    4.0742545    6.0723755  
  55 C       3.6602502    2.3397052 *  4.4702773    6.0723755    4.0742545  
  56 C       5.7274257    3.6602502    2.3397052 *  4.4702773    3.5396624  
  57 C       6.0723755    5.7274257    3.6602502    2.3397052 *  5.4239815  
  58 C       4.4702773    6.0723755    5.7274257    3.6602502    6.6278755  
  59 C       2.3397052 *  4.4702773    6.0723755    5.7274257    6.0004602  
  60 C       5.4239815    3.5396624    4.0742545    6.0004602    2.3397052 *

               21 C         22 C         23 C         24 C         25 C     

   1 C       2.4379654 *  2.8147701 *  4.0742886    4.4702560    6.4403612  
   2 C       3.6602356    2.4379654 *  2.8147701 *  4.0742886    5.7272468  
   3 C       4.4702560    3.6602356    2.4379654 *  2.8147701 *  5.4238358  
   4 C       4.0742886    4.4702560    3.6602356    2.4379654 *  6.0003216  
   5 C       6.4403612    5.7272468    5.4238358    6.0003216    2.4379654 *
   6 C       6.5922309    6.4403612    5.7272468    5.4238358    2.8147701 *
   7 C       6.0003216    6.5922309    6.4403612    5.7272468    4.0742886  
   8 C       5.4238358    6.0003216    6.5922309    6.4403612    4.4702560  
   9 C       5.7272468    5.4238358    6.0003216    6.5922309    3.6602356  
  10 C       2.8147701 *  4.0742886    4.4702560    3.6602356    6.5922309  
  11 C       1.4460415 *  2.4379957 *  4.7785069    5.4240321    6.5923121  
  12 C       4.0743328    1.4460415 *  2.4379957 *  4.7785069    5.1544422  
  13 C       5.4240321    4.0743328    1.4460415 *  2.4379957 *  4.4701542  
  14 C       4.7785069    5.4240321    4.0743328    1.4460415 *  5.7273218  
  15 C       6.5923121    5.1544422    4.4701542    5.7273218    1.4460415 *
  16 C       6.8783258    6.5923121    5.1544422    4.4701542    2.4379957 *
  17 C       5.7273218    6.8783258    6.5923121    5.1544422    4.7785069  
  18 C       4.4701542    5.7273218    6.8783258    6.5923121    5.4240321  
  19 C       5.1544422    4.4701542    5.7273218    6.8783258    4.0743328  
  20 C       2.4379957 *  4.7785069    5.4240321    4.0743328    6.8783258  
  21 C       0.0000000    3.5397681    5.7274651    5.7274651    6.8941826  
  22 C       3.5397681    0.0000000    3.5397681    5.7274651    5.3535035  
  23 C       5.7274651    3.5397681    0.0000000    3.5397681    3.6601653  
  24 C       5.7274651    5.7274651    3.5397681    0.0000000    4.7784301  
  25 C       6.8941826    5.3535035    3.6601653    4.7784301    0.0000000  
  26 C       6.6278739    6.8941826    5.3535035    3.6601653    3.5397681  
  27 C       4.7784301    6.6278739    6.8941826    5.3535035    5.7274651  
  28 C       3.6601653    4.7784301    6.6278739    6.8941826    5.7274651  
  29 C       5.3535035    3.6601653    4.7784301    6.6278739    3.5397681  
  30 C       6.0005375    5.1545966    2.3397750 *  1.3687611 *  4.0742365  
  31 C       4.5544770    6.0005375    5.1545966    2.3397750 *  6.0723391  
  32 C       1.3687611 *  4.5544770    6.0005375    5.1545966    7.0287453  
  33 C       2.3397750 *  1.3687611 *  4.5544770    6.0005375    6.0723391  
  34 C       5.1545966    2.3397750 *  1.3687611 *  4.5544770    4.0742365  
  35 C       6.0723391    7.0287453    6.0723391    4.0742365    4.5544770  
  36 C       4.0742365    6.0723391    7.0287453    6.0723391    6.0005375  
  37 C       4.0742365    4.0742365    6.0723391    7.0287453    5.1545966  
  38 C       6.0723391    4.0742365    4.0742365    6.0723391    2.3397750 *
  39 C       7.0287453    6.0723391    4.0742365    4.0742365    1.3687611 *
  40 C       3.5397681    5.7274651    5.7274651    3.5397681    6.6278739  
  41 C       1.4460245 *  3.5397505    6.0724128    6.4405742    6.5924184  
  42 C       4.4703232    1.4460245 *  3.5397505    6.0724128    4.4702817  
  43 C       6.4405742    4.4703232    1.4460245 *  3.5397505    2.4379334 *
  44 C       6.0724128    6.4405742    4.4703232    1.4460245 *  4.5544424  
  45 C       6.5924184    4.4702817    2.4379334 *  4.5544424    1.4460245 *
  46 C       6.6279253    6.5924184    4.4702817    2.4379334 *  3.5397505  
  47 C       4.5544424    6.6279253    6.5924184    4.4702817    6.0724128  
  48 C       2.4379334 *  4.5544424    6.6279253    6.5924184    6.4405742  
  49 C       4.4702817    2.4379334 *  4.5544424    6.6279253    4.4703232  
  50 C       6.5924421    5.3535844    2.3397475 *  2.4379975 *  2.8147498 *
  51 C       5.4240569    6.5924421    5.3535844    2.3397475 *  5.4240227  
  52 C       2.4379975 *  5.4240569    6.5924421    5.3535844    6.8784319  
  53 C       2.3397475 *  2.4379975 *  5.4240569    6.5924421    6.0723948  
  54 C       5.3535844    2.3397475 *  2.4379975 *  5.4240569    3.5397195  
  55 C       5.4240227    6.8784319    6.0723948    3.5397195    5.4240569  
  56 C       2.8147498 *  5.4240227    6.8784319    6.0723948    6.5924421  
  57 C       3.5397195    2.8147498 *  5.4240227    6.8784319    5.3535844  
  58 C       6.0723948    3.5397195    2.8147498 *  5.4240227    2.3397475 *
  59 C       6.8784319    6.0723948    3.5397195    2.8147498 *  2.4379975 *
  60 C       3.5397505    6.0724128    6.4405742    4.4703232    6.6279253  

               26 C         27 C         28 C         29 C         30 C     

   1 C       6.5922309    6.0003216    5.4238358    5.7272468    4.4702560  
   2 C       6.4403612    6.5922309    6.0003216    5.4238358    3.6602356  
   3 C       5.7272468    6.4403612    6.5922309    6.0003216    2.4379654 *
   4 C       5.4238358    5.7272468    6.4403612    6.5922309    2.8147701 *
   5 C       3.6602356    4.4702560    4.0742886    2.8147701 *  5.7272468  
   6 C       2.4379654 *  3.6602356    4.4702560    4.0742886    5.4238358  
   7 C       2.8147701 *  2.4379654 *  3.6602356    4.4702560    6.0003216  
   8 C       4.0742886    2.8147701 *  2.4379654 *  3.6602356    6.5922309  
   9 C       4.4702560    4.0742886    2.8147701 *  2.4379654 *  6.4403612  
