source /home/sarom/dir.git.dev/install.info
setenv GMS_PATH /export/home/sarom/dir.git.dev
setenv GMS_BUILD_DIR /export/home/sarom/dir.git.dev
setenv GMS_TARGET linux64
setenv GMS_HPC_SYSTEM_TARGET generic
setenv GMS_FORTRAN oneapi-ifort
setenv GMS_IFORT_VERNO 20
setenv GMS_MATHLIB mkl
setenv GMS_MATHLIB_PATH /shared/compilers/intel/oneapi/mkl/2022.0.1/lib/intel64
setenv GMS_MKL_VERNO oneapi
setenv GMS_DDI_COMM sockets
setenv GMS_MSUCC false
setenv GMS_LIBCCHEM false
setenv GMS_PHI none
setenv GMS_SHMTYPE sysv
setenv GMS_OPENMP false
setenv GMS_LIBXC false
setenv GMS_MDI false
setenv GMS_VM2 false
setenv TINKER false
setenv VB2000 false
setenv XMVB false
setenv NEO false
setenv NBO false
setenv GMS_FPE_FLAGS -fpe0
setenv GMS_FPE_FLAGS 
unset echo
SLURM has assigned the following compute nodes to this run:
compute-1-3
srun mkdir -p /tmp/374853
unset echo
Input file supplied : /export/home/sarom/dir.git.dev/tests/exotic/parallel/loc-er-anth.inp
----- GAMESS execution script 'rungms-dev' -----
This job is running on host compute-1-3.local
under operating system Linux at Tue Mar 15 14:55:14 CDT 2022 with sockets communication mode
Available scratch disk space (Kbyte units) at beginning of the job is
Filesystem     1K-blocks     Used Available Use% Mounted on
/dev/sda1       15995808 10178196   4982028  68% /
GAMESS temporary binary files will be written to /tmp/374853
GAMESS supplementary output files will be written to /export/home/sarom/restart
Copying input file loc-er-anth.inp to your run's scratch directory...
cp /export/home/sarom/dir.git.dev/tests/exotic/parallel/loc-er-anth.inp /tmp/374853/loc-er-anth.F05
unset echo
setenv NO_STOP_MESSAGE 1
setenv AUXDATA /home/sarom/dir.git.dev/auxdata
setenv EXTBAS /dev/null
setenv NUCBAS /dev/null
setenv EXTCAB /home/sarom/dir.git.dev/auxdata/AUXBAS/auxdef21
setenv POSBAS /dev/null
setenv DFTBPAR /home/sarom/dir.git.dev/auxdata/DFTB
setenv ERICFMT /home/sarom/dir.git.dev/auxdata/ericfmt.dat
setenv MCPPATH /home/sarom/dir.git.dev/auxdata/MCP
setenv BASPATH /home/sarom/dir.git.dev/auxdata/BASES
setenv QUANPOL /home/sarom/dir.git.dev/auxdata/QUANPOL
setenv MAKEFP /export/home/sarom/restart/loc-er-anth.efp
setenv GAMMA /export/home/sarom/restart/loc-er-anth.gamma
setenv TRAJECT /export/home/sarom/restart/loc-er-anth.trj
setenv RESTART /export/home/sarom/restart/loc-er-anth.rst
setenv QMWAVE /export/home/sarom/restart/loc-er-anth.qmw
setenv MDDIP /export/home/sarom/restart/loc-er-anth.dip
setenv OPTHES1 /export/home/sarom/restart/loc-er-anth.hs1
setenv OPTHES2 /export/home/sarom/restart/loc-er-anth.hs2
setenv FCIDUMP /export/home/sarom/restart/loc-er-anth.FCIDUMP
setenv XYZ /tmp/374853/loc-er-anth.xyz
setenv INPUT /tmp/374853/loc-er-anth.F05
setenv PUNCH /export/home/sarom/restart/loc-er-anth.dat
setenv AOINTS /tmp/374853/loc-er-anth.F08
setenv MOINTS /tmp/374853/loc-er-anth.F09
setenv DICTNRY /tmp/374853/loc-er-anth.F10
setenv DRTFILE /tmp/374853/loc-er-anth.F11
setenv CIVECTR /tmp/374853/loc-er-anth.F12
setenv CASINTS /tmp/374853/loc-er-anth.F13
setenv CIINTS /tmp/374853/loc-er-anth.F14
setenv WORK15 /tmp/374853/loc-er-anth.F15
setenv WORK16 /tmp/374853/loc-er-anth.F16
setenv CSFSAVE /tmp/374853/loc-er-anth.F17
setenv FOCKDER /tmp/374853/loc-er-anth.F18
setenv WORK19 /tmp/374853/loc-er-anth.F19
setenv DASORT /tmp/374853/loc-er-anth.F20
setenv DIABDAT /tmp/374853/loc-er-anth.F21
setenv DFTINTS /tmp/374853/loc-er-anth.F21
setenv DFTGRID /tmp/374853/loc-er-anth.F22
setenv JKFILE /tmp/374853/loc-er-anth.F23
setenv ORDINT /tmp/374853/loc-er-anth.F24
setenv EFPIND /tmp/374853/loc-er-anth.F25
setenv PCMDATA /tmp/374853/loc-er-anth.F26
setenv PCMINTS /tmp/374853/loc-er-anth.F27
setenv SVPWRK1 /tmp/374853/loc-er-anth.F26
setenv SVPWRK2 /tmp/374853/loc-er-anth.F27
setenv COSCAV /tmp/374853/loc-er-anth.F26
setenv COSDATA /export/home/sarom/restart/loc-er-anth.cosmo
setenv COSPOT /export/home/sarom/restart/loc-er-anth.pot
setenv MLTPL /tmp/374853/loc-er-anth.F28
setenv MLTPLT /tmp/374853/loc-er-anth.F29
setenv DAFL30 /tmp/374853/loc-er-anth.F30
setenv SOINTX /tmp/374853/loc-er-anth.F31
setenv SOINTY /tmp/374853/loc-er-anth.F32
setenv SOINTZ /tmp/374853/loc-er-anth.F33
setenv SORESC /tmp/374853/loc-er-anth.F34
setenv GCILIST /tmp/374853/loc-er-anth.F37
setenv HESSIAN /tmp/374853/loc-er-anth.F38
setenv QMMMTEI /tmp/374853/loc-er-anth.F39
setenv SOCCDAT /tmp/374853/loc-er-anth.F40
setenv AABB41 /tmp/374853/loc-er-anth.F41
setenv BBAA42 /tmp/374853/loc-er-anth.F42
setenv BBBB43 /tmp/374853/loc-er-anth.F43
setenv REMD /tmp/374853/loc-er-anth.F44
setenv UNV /tmp/374853/loc-er-anth.F45
setenv UNPV /tmp/374853/loc-er-anth.F46
setenv MCQD50 /tmp/374853/loc-er-anth.F50
setenv MCQD51 /tmp/374853/loc-er-anth.F51
setenv MCQD52 /tmp/374853/loc-er-anth.F52
setenv MCQD53 /tmp/374853/loc-er-anth.F53
setenv MCQD54 /tmp/374853/loc-er-anth.F54
setenv MCQD55 /tmp/374853/loc-er-anth.F55
setenv MCQD56 /tmp/374853/loc-er-anth.F56
setenv MCQD57 /tmp/374853/loc-er-anth.F57
setenv MCQD58 /tmp/374853/loc-er-anth.F58
setenv MCQD59 /tmp/374853/loc-er-anth.F59
setenv MCQD60 /tmp/374853/loc-er-anth.F60
setenv MCQD61 /tmp/374853/loc-er-anth.F61
setenv MCQD62 /tmp/374853/loc-er-anth.F62
setenv MCQD63 /tmp/374853/loc-er-anth.F63
setenv MCQD64 /tmp/374853/loc-er-anth.F64
setenv NMRINT1 /tmp/374853/loc-er-anth.F61
setenv NMRINT2 /tmp/374853/loc-er-anth.F62
setenv NMRINT3 /tmp/374853/loc-er-anth.F63
setenv NMRINT4 /tmp/374853/loc-er-anth.F64
setenv NMRINT5 /tmp/374853/loc-er-anth.F65
setenv NMRINT6 /tmp/374853/loc-er-anth.F66
setenv DCPHFH2 /tmp/374853/loc-er-anth.F67
setenv DCPHF21 /tmp/374853/loc-er-anth.F68
setenv ELNUINT /tmp/374853/loc-er-anth.F67
setenv NUNUINT /tmp/374853/loc-er-anth.F68
setenv GVVPT /tmp/374853/loc-er-anth.F69
setenv NUMOIN /tmp/374853/loc-er-anth.F69
setenv NUMOCAS /tmp/374853/loc-er-anth.F70
setenv NUELMO /tmp/374853/loc-er-anth.F71
setenv NUELCAS /tmp/374853/loc-er-anth.F72
setenv RIVMAT /tmp/374853/loc-er-anth.F51
setenv RIT2A /tmp/374853/loc-er-anth.F52
setenv RIT3A /tmp/374853/loc-er-anth.F53
setenv RIT2B /tmp/374853/loc-er-anth.F54
setenv RIT3B /tmp/374853/loc-er-anth.F55
setenv DEN2P1 /tmp/374853/loc-er-anth.F70
setenv DEN2P2 /tmp/374853/loc-er-anth.F71
setenv DEN2P3 /tmp/374853/loc-er-anth.F72
setenv DEN2P4 /tmp/374853/loc-er-anth.F73
setenv DEN2NM /tmp/374853/loc-er-anth.F74
setenv DEN2OPT /tmp/374853/loc-er-anth.F75
setenv GMCREF /tmp/374853/loc-er-anth.F70
setenv GMCO2R /tmp/374853/loc-er-anth.F71
setenv GMCROC /tmp/374853/loc-er-anth.F72
setenv GMCOOC /tmp/374853/loc-er-anth.F73
setenv GMCCC0 /tmp/374853/loc-er-anth.F74
setenv GMCHMA /tmp/374853/loc-er-anth.F75
setenv GMCEI1 /tmp/374853/loc-er-anth.F76
setenv GMCEI2 /tmp/374853/loc-er-anth.F77
setenv GMCEOB /tmp/374853/loc-er-anth.F78
setenv GMCEDT /tmp/374853/loc-er-anth.F79
setenv GMCERF /tmp/374853/loc-er-anth.F80
setenv GMCHCR /tmp/374853/loc-er-anth.F81
setenv GMCGJK /tmp/374853/loc-er-anth.F82
setenv GMCGAI /tmp/374853/loc-er-anth.F83
setenv GMCGEO /tmp/374853/loc-er-anth.F84
setenv GMCTE1 /tmp/374853/loc-er-anth.F85
setenv GMCTE2 /tmp/374853/loc-er-anth.F86
setenv GMCHEF /tmp/374853/loc-er-anth.F87
setenv GMCMOL /tmp/374853/loc-er-anth.F88
setenv GMCMOS /tmp/374853/loc-er-anth.F89
setenv GMCWGT /tmp/374853/loc-er-anth.F90
setenv GMCRM2 /tmp/374853/loc-er-anth.F91
setenv GMCRM1 /tmp/374853/loc-er-anth.F92
setenv GMCR00 /tmp/374853/loc-er-anth.F93
setenv GMCRP1 /tmp/374853/loc-er-anth.F94
setenv GMCRP2 /tmp/374853/loc-er-anth.F95
setenv GMCVEF /tmp/374853/loc-er-anth.F96
setenv GMCDIN /tmp/374853/loc-er-anth.F97
setenv GMC2SZ /tmp/374853/loc-er-anth.F98
setenv GMCCCS /tmp/374853/loc-er-anth.F99
unset echo
rm: cannot remove ‘/export/home/sarom/restart/loc-er-anth.casino’: No such file or directory
rm: cannot remove ‘/export/home/sarom/restart/loc-er-anth.dmn’: No such file or directory
rm: cannot remove ‘/export/home/sarom/restart/loc-er-anth.cim’: No such file or directory
rm: cannot remove ‘/export/home/sarom/restart/loc-er-anth.cosmo’: No such file or directory
rm: cannot remove ‘/export/home/sarom/restart/loc-er-anth.pot’: No such file or directory
rm: cannot remove ‘/export/home/sarom/restart/loc-er-anth.gamma’: No such file or directory
rm: cannot remove ‘/export/home/sarom/restart/loc-er-anth.efp’: No such file or directory
rm: cannot remove ‘/export/home/sarom/restart/loc-er-anth.dip’: No such file or directory
rm: cannot remove ‘/export/home/sarom/restart/loc-er-anth.hs1’: No such file or directory
rm: cannot remove ‘/export/home/sarom/restart/loc-er-anth.hs2’: No such file or directory
rm: cannot remove ‘/export/home/sarom/restart/loc-er-anth.dat’: No such file or directory
rm: cannot remove ‘/export/home/sarom/restart/loc-er-anth.qmw’: No such file or directory
rm: cannot remove ‘/export/home/sarom/restart/loc-er-anth.rst’: No such file or directory
rm: cannot remove ‘/export/home/sarom/restart/loc-er-anth.trj’: No such file or directory
The generated host list is
compute-1-3.local
-----debug-----
the execution path is
/opt/openmpi/bin /shared/compilers/aocc-compiler-3.2.0/share/opt-viewer /shared/compilers/aocc-compiler-3.2.0/bin /shared/git/2.9.5/bin /shared/compilers/gcc/5.5.0/bin /shared/cmake/3.12.0/bin /export/home/sarom/bin /usr/lib/jvm/java-1.8.0-openjdk-1.8.0.151-1.b12.el7_4.x86_64/jre/bin/ /usr/lib64/qt-3.3/bin /usr/local/bin /usr/bin /usr/local/sbin /usr/sbin /opt/pdsh/bin /opt/rocks/bin /opt/rocks/sbin
the library path is
/opt/openmpi/lib:/shared/compilers/aocc-compiler-3.2.0/ompd:/shared/compilers/aocc-compiler-3.2.0/lib:/shared/compilers/aocc-compiler-3.2.0/lib32:/usr/lib64:/usr/lib:/shared/compilers/gcc/5.5.0/lib64:
The dynamically linked libraries for this binary are
/home/sarom/dir.git.dev/gamess.00.x :

	linux-vdso.so.1 =>  (0x00007ffd3973d000)
	libpthread.so.0 => /usr/lib64/libpthread.so.0 (0x00007f6bfdaf0000)
	libm.so.6 => /usr/lib64/libm.so.6 (0x00007f6bfd7ed000)
	libc.so.6 => /usr/lib64/libc.so.6 (0x00007f6bfd42a000)
	/lib64/ld-linux-x86-64.so.2 (0x0000555680bfd000)
	libgcc_s.so.1 => /shared/compilers/gcc/5.5.0/lib64/libgcc_s.so.1 (0x00007f6bfd213000)
	libdl.so.2 => /usr/lib64/libdl.so.2 (0x00007f6bfd00e000)
--------------
/home/sarom/dir.git.dev/ddikick.x /home/sarom/dir.git.dev/gamess.00.x loc-er-anth -ddi 1 1 compute-1-3.local -scr /tmp/374853

 Distributed Data Interface kickoff program.
 Initiating 1 compute processes on 1 nodes to run the following command:
 /home/sarom/dir.git.dev/gamess.00.x loc-er-anth 

          *******************************************************
          *                                                     *
          *      GAMESS VERSION = 30 SEP 2021 (R2 Patch 1)      *
          *                                                     *
          *              doi.org/10.1063/5.0005188              *
          *                                                     *
          **************** 64 BIT INTEL VERSION *****************

  GAMESS HAS BEEN MADE POSSIBLE WITH IMPORTANT CONTRIBUTIONS FROM
  THE FOLLOWING INDIVIDUALS (IN ALPHABETICAL ORDER):

     IVANA ADAMOVIC, CHRISTINE AIKENS, TOMOKO AKAMA,
     YURI ALEXEEV, YURIKO AOKI, POOJA ARORA, TOSHIO ASADA,
     ANDREY ASADCHEV, KIM K. BALDRIDGE, PRADIPTA BANDYOPADHYAY,
     TAYLOR A. BARNES, MARIA BARYSZ, ROB BELL,
     JONATHAN BENTZ, COLLEEN BERTONI,
     JERRY A. BOATZ, BRETT BODE, KURT BRORSEN, KURT R. BRORSEN,
     LAIMUTIS BYTAUTAS, CALEB CARLIN, LAURA CARRINGTON,
     GALINA CHABAN, BENOIT CHAMPAGNE, WEI CHEN, MAHITO CHIBA,
     DAN CHIPMAN, CHEOL HO CHOI, TANNER CULPITT,
     DIPAYAN DATTA, PAUL DAY, ALBERT DEFUSCO,
     NUWAN DESILVA, J. EMILIANO DEUSTUA,
     TIM DUDLEY, MICHEL DUPUIS, STEVEN T. ELBERT,
     DMITRI FEDOROV, ALEX FINDLATER, GRAHAM FLETCHER,
     MARK FREITAG, CHRISTIAN FRIEDL, DAVID GARMER,
     IGOR S. GERASIMOV, KURT GLAESEMANN, MARK S. GORDON,
     JEFFREY GOUR, FENG LONG GU, EMILIE B. GUIDEZ,
     ANASTASIA GUNINA, SHARON HAMMES-SCHIFFER, MASATAKE HARUTA,
     KIMIHIKO HIRAO, YASUHIRO IKABATA, TZVETELIN IORDANOV,
     STEPHAN IRLE, KAZUYA ISHIMURA, JOE IVANIC, FRANK JENSEN,
     JAN H. JENSEN, VISVALDAS KAIRYS, MUNEAKI KAMIYA,
     MICHIO KATOUDA, NAOAKI KAWAKAMI, DAN KEMP, BERNARD KIRTMAN,
     KAZUO KITAURA, MARIUSZ KLOBUKOWSKI, MASATO KOBAYASHI,
     PRAKASHAN KORAMBATH, JACEK KORCHOWIEC, SHIRO KOSEKI,
     KAROL KOWALSKI, JIMMY KROMANN, STANISLAW KUCHARSKI,
     HENRY KURTZ, SAROM SOK LEANG, HUI LI, SHUHUA LI, WEI LI,
     JESSE LUTZ, ALEKSANDR O. LYKHIN, MARCIN MAKOWSKI,
     JOANI MATO, NIKITA MATSUNAGA, BENEDETTA MENNUCCI,
     GRANT MERRILL, NORIYUKI MINEZAWA, VLADIMIR MIRONOV,
     EISAKU MIYOSHI, JOHN A. MONTGOMERY JR., HIROTOSHI MORI,
     JONATHAN MULLIN, MONIKA MUSIAL, SHIGERU NAGASE,
     TAKESHI NAGATA, HIROMI NAKAI, TAKAHITO NAKAJIMA,
     YUYA NAKAJIMA, HARUYUKI NAKANO, HIROYA NAKATA, SEAN NEDD,
     HEATHER NETZLOFF, KIET A. NGUYEN, YOSHIO NISHIMOTO,
     BOSILJKA NJEGIC, RYAN OLSON, MIKE PAK, ROBERTO PEVERATI,
     BUU PHAM, PIOTR PIECUCH, ANNA POMOGAEVA, DAVID POOLE,
     SPENCER PRUITT, OLIVIER QUINET, LUKE ROSKOP,
     KLAUS RUEDENBERG, ANDREW SAND, TOSAPORN SATTASATHUCHANA,
     NOZOMI SAWADA, MICHAEL W. SCHMIDT, PATRICK E. SCHNEIDER,
     JUNJI SEINO, PRACHI SHARMA, JUN SHEN, JIM SHOEMAKER,
     YINAN SHU, DEJUN SI, JONATHAN SKONE, LYUDMILA SLIPCHENKO,
     TONY SMITH, JIE SONG, MARK SPACKMAN, CASPER STEINMANN,
     WALT STEVENS, PEIFENG SU, SHUJUN SU, CHET SWALINA,
     TETSUYA TAKETSUGU, ZHEN TAO, NANDUN THELLAMUREGE
     SEIKEN TOKURA, JACOPO TOMASI, TSUGUKI TOUMA, TAKAO TSUNEDA,
     HIROAKI UMEDA, JORGE LUIS GALVEZ VALLEJO, YALI WANG,
     SIMON WEBB, AARON WEST, THERESA L. WINDUS, MARTA WLOCH,
     PENG XU, KIYOSHI YAGI, SUSUMU YANAGISAWA, YANG YANG,
     SOOHAENG YOO, TAKESHI YOSHIKAWA, FEDERICO ZAHARIEV,
     TOBY ZENG

  WHO ARE SUPPORTED BY THEIR INSTITUTION/UNIVERSITY/COMPANY/GROUP
  (IN ALPHABETICAL ORDER):

     EP ANALYTICS, FACULTES UNIVERSITAIRES NOTRE-DAME DE LA PAIX,
     INSTITUTE FOR MOLECULAR SCIENCE, IOWA STATE UNIVERSITY,
     JACKSON STATE UNIVERSITY, JOHANNES KEPLER UNIVERSITY LINZ,
     KYUSHU UNIVERSITY, MICHIGAN STATE UNIVERSITY,
     MIE UNIVERSITY, THE MOLECULAR SCIENCES SOFTWARE INSTITUTE,
     MOSCOW STATE UNIVERSITY,
     N. COPERNICUS UNIVERSITY, NAGOYA UNIVERSITY,
     NANJING UNIVERSITY, NAT. INST. OF ADVANCED INDUSTRIAL
     SCIENCE AND TECHNOLOGY, NATIONAL INST. OF STANDARDS AND
     TECHNOLOGY, NESMEYANOV INSTITUTE OF ORGANOELEMENT COMPOUNDS
     OF RUSSIAN ACADEMY OF SCIENCES, OSAKA PREFECTURE UNIVERSITY,
     PENNSYLVANIA STATE UNIVERSITY, TOKYO INSTITUTE OF TECHNOLOGY,
     UNIVERSITY OF AARHUS, UNIVERSITY OF ALBERTA,
     UNIVERSITY OF CALIFORNIA AT SANTA BARBARA,
     UNIVERSITY OF COPENHAGEN, UNIVERSITY OF IOWA,
     UNIVERSITY OF MEMPHIS, UNIVERSITY OF MINNESOTA,
     UNIVERSITY OF NEBRASKA, UNIVERSITY OF NEW ENGLAND,
     UNIVERSITY OF NOTRE DAME, UNIVERSITY OF PISA,
     UNIVERSITY OF SILESIA, UNIVERSITY OF TOKYO,
     UNIVERSITY OF ZURICH, WASEDA UNIVERSITY, YALE UNIVERSITY

  GAMESS SOFTWARE MANAGEMENT TEAM FOR THIS RELEASE:
     MARK S. GORDON (TEAM LEAD),
     BRETT BODE (SENIOR ADVISOR),
     GIUSEPPE BARCA,
     COLLEEN BERTONI,
     KRISTOPHER KEIPERT (ADVISOR),
     SAROM S. LEANG (DEVELOPMENT LEAD),
     BUU PHAM,
     JORGE LUIS GALVEZ VALLEJO (WEBSITE ADMINISTRATOR),
     PENG XU

 EXECUTION OF GAMESS BEGUN 14:55:15 15-MAR-2022    

            ECHO OF THE FIRST FEW INPUT CARDS -
 INPUT CARD>!  Anthracene C14H10 localized orbital test...80 AOs, 47 MOs                    
 INPUT CARD>!  R.C.Raffenetti, K.Ruedenberg, C.L.Janssen, H.F.Schaefer                      
 INPUT CARD>!  Theoret.Chim.Acta, 1993, 86, 149-165.                                        
 INPUT CARD>!                                                                               
 INPUT CARD>!  FINAL energy= -534.6438211740 after 10 iterations                            
 INPUT CARD>!  initial DIAGONAL localization sum = 22.0024214706                            
 INPUT CARD>!    final DIAGONAL localization sum = 69.8197862607                            
 INPUT CARD>!  about 4217 Jacobi rotations are performed (depends on machine)               
 INPUT CARD>!                                                                               
 INPUT CARD>!  This run takes 18 seconds on 2.66 GHz Cloverton (30 Apr 2010)                
 INPUT CARD>!                                                                               
 INPUT CARD>!  This job will now run in parallel, but inefficiently due to the              
 INPUT CARD>!  large number of core MOs, and the serial localization program.               
 INPUT CARD>!                                                                               
 INPUT CARD> $contrl scftyp=rhf runtyp=energy local=ruednbrg units=bohr $end                
 INPUT CARD> $system parall=.t. mwords=1 memddi=6 $end                                      
 INPUT CARD> $guess  guess=huckel $end                                                      
 INPUT CARD> $local  prtloc=.true. fcore=.false. $end                                       
 INPUT CARD> $data                                                                          
 INPUT CARD>Anthracene...Schmidt/Ruedenberg ET 8s4p or 3s basis, general contraction to MBS 
 INPUT CARD>Dnh  2                                                                          
 INPUT CARD>                                                                                
 INPUT CARD>Carbon   6.0    0.000000000    2.645667625  0.0                                 
 INPUT CARD>        S    8                                                                  
 INPUT CARD>    1  0.178584957E+00  0.754962630E-02                                         
 INPUT CARD>    2  0.626634968E+00 -0.193265195E-01                                         
 INPUT CARD>    3  0.219879317E+01  0.262460311E+00                                         
 INPUT CARD>    4  0.771532338E+01  0.555048245E+00                                         
 INPUT CARD>    5  0.270722211E+02  0.259856799E+00                                         
 INPUT CARD>    6  0.949934457E+02  0.713328252E-01                                         
 INPUT CARD>    7  0.333321552E+03  0.145266063E-01                                         
 INPUT CARD>    8  0.116958866E+04  0.467229380E-02                                         
 INPUT CARD>        S    8                                                                  
 INPUT CARD>    1  0.178584957E+00  0.674643301E+00                                         
 INPUT CARD>    2  0.626634968E+00  0.484006637E+00                                         
 INPUT CARD>    3  0.219879317E+01 -0.152816297E+00                                         
 INPUT CARD>    4  0.771532338E+01 -0.176411964E+00                                         
 INPUT CARD>    5  0.270722211E+02 -0.603364973E-01                                         
 INPUT CARD>    6  0.949934457E+02 -0.159998630E-01                                         
 INPUT CARD>    7  0.333321552E+03 -0.306628910E-02                                         
 INPUT CARD>    8  0.116958866E+04 -0.101102010E-02                                         
 INPUT CARD>        P    4                                                                  
 INPUT CARD>    1  0.158055186E+00  0.498518341E+00                                         
 INPUT CARD>    2  0.599348425E+00  0.512619431E+00                                         
 INPUT CARD>    3  0.227274121E+01  0.175334450E+00                                         
 INPUT CARD>    4  0.861828014E+01  0.365836476E-01                                         
 INPUT CARD>                                                                                
 INPUT CARD>Carbon   6.0    2.291215250    1.322833812  0.0                                 
 INPUT CARD>        S    8                                                                  
 INPUT CARD>    1  0.178584957E+00  0.754962630E-02                                         
    1000000 WORDS OF MEMORY AVAILABLE


     RUN TITLE
     ---------
 Anthracene...Schmidt/Ruedenberg ET 8s4p or 3s basis, general contraction to MBS 

 THE POINT GROUP OF THE MOLECULE IS DNH     
 THE ORDER OF THE PRINCIPAL AXIS IS     2

 ATOM      ATOMIC                      COORDINATES (BOHR)
           CHARGE         X                   Y                   Z
 CARBON      6.0    -0.0000000000       -2.6456676250        0.0000000000
 CARBON      6.0     0.0000000000        2.6456676250        0.0000000000
 CARBON      6.0    -2.2912152500       -1.3228338120        0.0000000000
 CARBON      6.0     2.2912152500       -1.3228338120        0.0000000000
 CARBON      6.0    -2.2912152500        1.3228338120        0.0000000000
 CARBON      6.0     2.2912152500        1.3228338120        0.0000000000
 CARBON      6.0    -4.5824304990       -2.6456676250        0.0000000000
 CARBON      6.0     4.5824304990       -2.6456676250        0.0000000000
 CARBON      6.0    -4.5824304990        2.6456676250        0.0000000000
 CARBON      6.0     4.5824304990        2.6456676250        0.0000000000
 CARBON      6.0    -6.8736459380       -1.3228338120        0.0000000000
 CARBON      6.0     6.8736459380       -1.3228338120        0.0000000000
 CARBON      6.0    -6.8736459380        1.3228338120        0.0000000000
 CARBON      6.0     6.8736459380        1.3228338120        0.0000000000
 HYDROGEN    1.0    -0.0000000000       -4.7244064730        0.0000000000
 HYDROGEN    1.0     0.0000000000        4.7244064730        0.0000000000
 HYDROGEN    1.0    -4.5824304990       -4.7244064730        0.0000000000
 HYDROGEN    1.0     4.5824304990       -4.7244064730        0.0000000000
 HYDROGEN    1.0    -4.5824304990        4.7244064730        0.0000000000
 HYDROGEN    1.0     4.5824304990        4.7244064730        0.0000000000
 HYDROGEN    1.0    -8.6738865050       -2.3622032360        0.0000000000
 HYDROGEN    1.0     8.6738865050       -2.3622032360        0.0000000000
 HYDROGEN    1.0    -8.6738865050        2.3622032360        0.0000000000
 HYDROGEN    1.0     8.6738865050        2.3622032360        0.0000000000

          INTERNUCLEAR DISTANCES (ANGS.)
          ------------------------------

                1 CARB       2 CARB       3 CARB       4 CARB       5 CARB  

   1 CARB    0.0000000    2.8000542 *  1.4000271 *  1.4000271 *  2.4249181 *
   2 CARB    2.8000542 *  0.0000000    2.4249181 *  2.4249181 *  1.4000271 *
   3 CARB    1.4000271 *  2.4249181 *  0.0000000    2.4249180 *  1.4000271 *
   4 CARB    1.4000271 *  2.4249181 *  2.4249180 *  0.0000000    2.8000541 *
   5 CARB    2.4249181 *  1.4000271 *  1.4000271 *  2.8000541 *  0.0000000  
   6 CARB    2.4249181 *  1.4000271 *  2.8000541 *  1.4000271 *  2.4249180 *
   7 CARB    2.4249180 *  3.7041235    1.4000271 *  3.7041234    2.4249181 *
   8 CARB    2.4249180 *  3.7041235    3.7041234    1.4000271 *  4.2000812  
   9 CARB    3.7041235    2.4249180 *  2.4249181 *  4.2000812    1.4000271 *
  10 CARB    3.7041235    2.4249180 *  4.2000812    2.4249181 *  3.7041234  
  11 CARB    3.7041235    4.2000813    2.4249181 *  4.8498360    2.8000542 *
  12 CARB    3.7041235    4.2000813    4.8498360    2.4249181 *  5.0478694  
  13 CARB    4.2000813    3.7041235    2.8000542 *  5.0478694    2.4249181 *
  14 CARB    4.2000813    3.7041235    5.0478694    2.8000542 *  4.8498360  
  15 HYDR    1.1000213 *  3.9000755    2.1702954 *  2.1702954 *  3.4220540  
  16 HYDR    3.9000755    1.1000213 *  3.4220540    3.4220540    2.1702954 *
  17 HYDR    2.6627568 *  4.5924739    2.1702954 *  4.0584032    3.4220540  
  18 HYDR    2.6627568 *  4.5924739    4.0584032    2.1702954 *  4.8446783  
  19 HYDR    4.5924739    2.6627568 *  3.4220540    4.8446783    2.1702954 *
  20 HYDR    4.5924739    2.6627568 *  4.8446783    3.4220540    4.0584032  
  21 HYDR    4.5924738    5.3001025    3.4220539    5.8284915    3.9000755  
  22 HYDR    4.5924738    5.3001025    5.8284915    3.4220539    6.1213927  
  23 HYDR    5.3001025    4.5924738    3.9000755    6.1213927    3.4220539  
  24 HYDR    5.3001025    4.5924738    6.1213927    3.9000755    5.8284915  

                6 CARB       7 CARB       8 CARB       9 CARB      10 CARB  

   1 CARB    2.4249181 *  2.4249180 *  2.4249180 *  3.7041235    3.7041235  
   2 CARB    1.4000271 *  3.7041235    3.7041235    2.4249180 *  2.4249180 *
   3 CARB    2.8000541 *  1.4000271 *  3.7041234    2.4249181 *  4.2000812  
   4 CARB    1.4000271 *  3.7041234    1.4000271 *  4.2000812    2.4249181 *
   5 CARB    2.4249180 *  2.4249181 *  4.2000812    1.4000271 *  3.7041234  
   6 CARB    0.0000000    4.2000812    2.4249181 *  3.7041234    1.4000271 *
   7 CARB    4.2000812    0.0000000    4.8498359    2.8000542 *  5.6001082  
   8 CARB    2.4249181 *  4.8498359    0.0000000    5.6001082    2.8000542 *
   9 CARB    3.7041234    2.8000542 *  5.6001082    0.0000000    4.8498359  
  10 CARB    1.4000271 *  5.6001082    2.8000542 *  4.8498359    0.0000000  
  11 CARB    5.0478694    1.4000271 *  6.1025765    2.4249181 *  6.4157300  
  12 CARB    2.8000542 *  6.1025765    1.4000271 *  6.4157300    2.4249181 *
  13 CARB    4.8498360    2.4249181 *  6.4157300    1.4000271 *  6.1025765  
  14 CARB    2.4249181 *  6.4157300    2.4249181 *  6.1025765    1.4000271 *
  15 HYDR    3.4220540    2.6627568 *  2.6627568 *  4.5924739    4.5924739  
  16 HYDR    2.1702954 *  4.5924739    4.5924739    2.6627568 *  2.6627568 *
  17 HYDR    4.8446783    1.1000213 *  4.9730228    3.9000755    6.2234635  
  18 HYDR    3.4220540    4.9730228    1.1000213 *  6.2234635    3.9000755  
  19 HYDR    4.0584032    3.9000755    6.2234635    1.1000213 *  4.9730228  
  20 HYDR    2.1702954 *  6.2234635    3.9000755    4.9730228    1.1000213 *
  21 HYDR    6.1213927    2.1702955 *  7.0165450    3.4220540    7.4988115  
  22 HYDR    3.9000755    7.0165450    2.1702955 *  7.4988115    3.4220540  
  23 HYDR    5.8284915    3.4220540    7.4988115    2.1702955 *  7.0165450  
  24 HYDR    3.4220539    7.4988115    3.4220540    7.0165450    2.1702955 *

               11 CARB      12 CARB      13 CARB      14 CARB      15 HYDR  

   1 CARB    3.7041235    3.7041235    4.2000813    4.2000813    1.1000213 *
   2 CARB    4.2000813    4.2000813    3.7041235    3.7041235    3.9000755  
   3 CARB    2.4249181 *  4.8498360    2.8000542 *  5.0478694    2.1702954 *
   4 CARB    4.8498360    2.4249181 *  5.0478694    2.8000542 *  2.1702954 *
   5 CARB    2.8000542 *  5.0478694    2.4249181 *  4.8498360    3.4220540  
   6 CARB    5.0478694    2.8000542 *  4.8498360    2.4249181 *  3.4220540  
   7 CARB    1.4000271 *  6.1025765    2.4249181 *  6.4157300    2.6627568 *
   8 CARB    6.1025765    1.4000271 *  6.4157300    2.4249181 *  2.6627568 *
   9 CARB    2.4249181 *  6.4157300    1.4000271 *  6.1025765    4.5924739  
  10 CARB    6.4157300    2.4249181 *  6.1025765    1.4000271 *  4.5924739  
  11 CARB    0.0000000    7.2747541    1.4000271 *  7.4082470    4.0584033  
  12 CARB    7.2747541    0.0000000    7.4082470    1.4000271 *  4.0584033  
  13 CARB    1.4000271 *  7.4082470    0.0000000    7.2747541    4.8446784  
  14 CARB    7.4082470    1.4000271 *  7.2747541    0.0000000    4.8446784  
  15 HYDR    4.0584033    4.0584033    4.8446784    4.8446784    0.0000000  
  16 HYDR    4.8446784    4.8446784    4.0584033    4.0584033    5.0000968  
  17 HYDR    2.1702955 *  6.3238870    3.4220540    6.8550578    2.4249180 *
  18 HYDR    6.3238870    2.1702955 *  6.8550578    3.4220540    2.4249180 *
  19 HYDR    3.4220540    6.8550578    2.1702955 *  6.3238870    5.5570852  
  20 HYDR    6.8550578    3.4220540    6.3238870    2.1702955 *  5.5570852  
  21 HYDR    1.1000213 *  8.2457644    2.1702955 *  8.4553395    4.7571920  
  22 HYDR    8.2457644    1.1000213 *  8.4553395    2.1702955 *  4.7571920  
  23 HYDR    2.1702955 *  8.4553395    1.1000213 *  8.2457644    5.9271713  
  24 HYDR    8.4553395    2.1702955 *  8.2457644    1.1000213 *  5.9271713  

               16 HYDR      17 HYDR      18 HYDR      19 HYDR      20 HYDR  

   1 CARB    3.9000755    2.6627568 *  2.6627568 *  4.5924739    4.5924739  
   2 CARB    1.1000213 *  4.5924739    4.5924739    2.6627568 *  2.6627568 *
   3 CARB    3.4220540    2.1702954 *  4.0584032    3.4220540    4.8446783  
   4 CARB    3.4220540    4.0584032    2.1702954 *  4.8446783    3.4220540  
   5 CARB    2.1702954 *  3.4220540    4.8446783    2.1702954 *  4.0584032  
   6 CARB    2.1702954 *  4.8446783    3.4220540    4.0584032    2.1702954 *
   7 CARB    4.5924739    1.1000213 *  4.9730228    3.9000755    6.2234635  
   8 CARB    4.5924739    4.9730228    1.1000213 *  6.2234635    3.9000755  
   9 CARB    2.6627568 *  3.9000755    6.2234635    1.1000213 *  4.9730228  
  10 CARB    2.6627568 *  6.2234635    3.9000755    4.9730228    1.1000213 *
  11 CARB    4.8446784    2.1702955 *  6.3238870    3.4220540    6.8550578  
  12 CARB    4.8446784    6.3238870    2.1702955 *  6.8550578    3.4220540  
  13 CARB    4.0584033    3.4220540    6.8550578    2.1702955 *  6.3238870  
  14 CARB    4.0584033    6.8550578    3.4220540    6.3238870    2.1702955 *
  15 HYDR    5.0000968    2.4249180 *  2.4249180 *  5.5570852    5.5570852  
  16 HYDR    0.0000000    5.5570852    5.5570852    2.4249180 *  2.4249180 *
  17 HYDR    5.5570852    0.0000000    4.8498359    5.0000968    6.9657646  
  18 HYDR    5.5570852    4.8498359    0.0000000    6.9657646    5.0000968  
  19 HYDR    2.4249180 *  5.0000968    6.9657646    0.0000000    4.8498359  
  20 HYDR    2.4249180 *  6.9657646    5.0000968    4.8498359    0.0000000  
  21 HYDR    5.9271713    2.5000484 *  7.1254448    4.3302109    7.9543980  
  22 HYDR    5.9271713    7.1254448    2.5000484 *  7.9543980    4.3302109  
  23 HYDR    4.7571920    4.3302109    7.9543980    2.5000484 *  7.1254448  
  24 HYDR    4.7571920    7.9543980    4.3302109    7.1254448    2.5000484 *

               21 HYDR      22 HYDR      23 HYDR      24 HYDR  

   1 CARB    4.5924738    4.5924738    5.3001025    5.3001025  
   2 CARB    5.3001025    5.3001025    4.5924738    4.5924738  
   3 CARB    3.4220539    5.8284915    3.9000755    6.1213927  
   4 CARB    5.8284915    3.4220539    6.1213927    3.9000755  
   5 CARB    3.9000755    6.1213927    3.4220539    5.8284915  
   6 CARB    6.1213927    3.9000755    5.8284915    3.4220539  
   7 CARB    2.1702955 *  7.0165450    3.4220540    7.4988115  
   8 CARB    7.0165450    2.1702955 *  7.4988115    3.4220540  
   9 CARB    3.4220540    7.4988115    2.1702955 *  7.0165450  
  10 CARB    7.4988115    3.4220540    7.0165450    2.1702955 *
  11 CARB    1.1000213 *  8.2457644    2.1702955 *  8.4553395  
  12 CARB    8.2457644    1.1000213 *  8.4553395    2.1702955 *
  13 CARB    2.1702955 *  8.4553395    1.1000213 *  8.2457644  
  14 CARB    8.4553395    2.1702955 *  8.2457644    1.1000213 *
  15 HYDR    4.7571920    4.7571920    5.9271713    5.9271713  
  16 HYDR    5.9271713    5.9271713    4.7571920    4.7571920  
  17 HYDR    2.5000484 *  7.1254448    4.3302109    7.9543980  
  18 HYDR    7.1254448    2.5000484 *  7.9543980    4.3302109  
  19 HYDR    4.3302109    7.9543980    2.5000484 *  7.1254448  
  20 HYDR    7.9543980    4.3302109    7.1254448    2.5000484 *
  21 HYDR    0.0000000    9.1800468    2.5000484 *  9.5143839  
  22 HYDR    9.1800468    0.0000000    9.5143839    2.5000484 *
  23 HYDR    2.5000484 *  9.5143839    0.0000000    9.1800468  
  24 HYDR    9.5143839    2.5000484 *  9.1800468    0.0000000  

  * ... LESS THAN  3.000


     ATOMIC BASIS SET
     ----------------
 THE CONTRACTED PRIMITIVE FUNCTIONS HAVE BEEN UNNORMALIZED
 THE CONTRACTED BASIS FUNCTIONS ARE NOW NORMALIZED TO UNITY

  SHELL TYPE  PRIMITIVE        EXPONENT          CONTRACTION COEFFICIENT(S)

 CARBON    

      4   S       1             0.1785850    0.007549626303
      4   S       2             0.6266350   -0.019326519507
      4   S       3             2.1987932    0.262460311094
      4   S       4             7.7153234    0.555048245198
      4   S       5            27.0722211    0.259856799093
      4   S       6            94.9934457    0.071332825225
      4   S       7           333.3215520    0.014526606305
      4   S       8          1169.5886600    0.004672293802

      5   S       9             0.1785850    0.674643301306
      5   S      10             0.6266350    0.484006637220
      5   S      11             2.1987932   -0.152816297069
      5   S      12             7.7153234   -0.176411964080
      5   S      13            27.0722211   -0.060336497327
      5   S      14            94.9934457   -0.015999863007
      5   S      15           333.3215520   -0.003066289101
      5   S      16          1169.5886600   -0.001011020100

      6   P      17             0.1580552    0.498518340695
      6   P      18             0.5993484    0.512619430686
      6   P      19             2.2727412    0.175334449893
      6   P      20             8.6182801    0.036583647578

 CARBON    

     16   S      21             0.1785850    0.007549626303
     16   S      22             0.6266350   -0.019326519507
     16   S      23             2.1987932    0.262460311094
     16   S      24             7.7153234    0.555048245198
     16   S      25            27.0722211    0.259856799093
     16   S      26            94.9934457    0.071332825225
     16   S      27           333.3215520    0.014526606305
     16   S      28          1169.5886600    0.004672293802

     17   S      29             0.1785850    0.674643301306
     17   S      30             0.6266350    0.484006637220
     17   S      31             2.1987932   -0.152816297069
     17   S      32             7.7153234   -0.176411964080
     17   S      33            27.0722211   -0.060336497327
     17   S      34            94.9934457   -0.015999863007
     17   S      35           333.3215520   -0.003066289101
     17   S      36          1169.5886600   -0.001011020100

     18   P      37             0.1580552    0.498518340695
     18   P      38             0.5993484    0.512619430686
     18   P      39             2.2727412    0.175334449893
     18   P      40             8.6182801    0.036583647578

 CARBON    

     28   S      41             0.1785850    0.007549626303
     28   S      42             0.6266350   -0.019326519507
     28   S      43             2.1987932    0.262460311094
     28   S      44             7.7153234    0.555048245198
     28   S      45            27.0722211    0.259856799093
     28   S      46            94.9934457    0.071332825225
     28   S      47           333.3215520    0.014526606305
     28   S      48          1169.5886600    0.004672293802

     29   S      49             0.1785850    0.674643301306
     29   S      50             0.6266350    0.484006637220
     29   S      51             2.1987932   -0.152816297069
     29   S      52             7.7153234   -0.176411964080
     29   S      53            27.0722211   -0.060336497327
     29   S      54            94.9934457   -0.015999863007
     29   S      55           333.3215520   -0.003066289101
     29   S      56          1169.5886600   -0.001011020100

     30   P      57             0.1580552    0.498518340695
     30   P      58             0.5993484    0.512619430686
     30   P      59             2.2727412    0.175334449893
     30   P      60             8.6182801    0.036583647578

 CARBON    

     40   S      61             0.1785850    0.007549626303
     40   S      62             0.6266350   -0.019326519507
     40   S      63             2.1987932    0.262460311094
     40   S      64             7.7153234    0.555048245198
     40   S      65            27.0722211    0.259856799093
     40   S      66            94.9934457    0.071332825225
     40   S      67           333.3215520    0.014526606305
     40   S      68          1169.5886600    0.004672293802

     41   S      69             0.1785850    0.674643301306
     41   S      70             0.6266350    0.484006637220
     41   S      71             2.1987932   -0.152816297069
     41   S      72             7.7153234   -0.176411964080
     41   S      73            27.0722211   -0.060336497327
     41   S      74            94.9934457   -0.015999863007
     41   S      75           333.3215520   -0.003066289101
     41   S      76          1169.5886600   -0.001011020100

     42   P      77             0.1580552    0.498518340695
     42   P      78             0.5993484    0.512619430686
     42   P      79             2.2727412    0.175334449893
     42   P      80             8.6182801    0.036583647578

 HYDROGEN  

     44   S      81             0.1630160    0.707913387039
     44   S      82             0.7956357    0.346004717019
     44   S      83             3.8832750    0.069150693304

 HYDROGEN  

     48   S      84             0.1630160    0.707913387039
     48   S      85             0.7956357    0.346004717019
     48   S      86             3.8832750    0.069150693304

 HYDROGEN  

     52   S      87             0.1630160    0.707913387039
     52   S      88             0.7956357    0.346004717019
     52   S      89             3.8832750    0.069150693304

 TOTAL NUMBER OF BASIS SET SHELLS             =   52
 NUMBER OF CARTESIAN GAUSSIAN BASIS FUNCTIONS =   80
 NUMBER OF ELECTRONS                          =   94
 CHARGE OF MOLECULE                           =    0
 SPIN MULTIPLICITY                            =    1
 NUMBER OF OCCUPIED ORBITALS (ALPHA)          =   47
 NUMBER OF OCCUPIED ORBITALS (BETA )          =   47
 TOTAL NUMBER OF ATOMS                        =   24
 THE NUCLEAR REPULSION ENERGY IS      771.0958872700

     $CONTRL OPTIONS
     ---------------
 SCFTYP=RHF          RUNTYP=ENERGY       EXETYP=RUN     
 MPLEVL=       0     CITYP =NONE         CCTYP =NONE         VBTYP =NONE    
 DFTTYP=NONE         TDDFT =NONE    
 MULT  =       1     ICHARG=       0     NZVAR =       0     COORD =UNIQUE  
 PP    =NONE         RELWFN=NONE         LOCAL =RUEDNBRG     NUMGRD=       F
 ISPHER=      -1     NOSYM =       0     MAXIT =      30     UNITS =BOHR    
 PLTORB=       F     MOLPLT=       F     AIMPAC=       F     FRIEND=        
 NPRINT=       7     IREST =       0     GEOM  =INPUT   
 NORMF =       0     NORMP =       0     ITOL  =      20     ICUT  =       9
 INTTYP=BEST         GRDTYP=BEST         QMTTOL= 1.0E-06

     $SYSTEM OPTIONS
     ---------------
  REPLICATED MEMORY=     1000000 WORDS (ON EVERY NODE).
 DISTRIBUTED MEMDDI=           6 MILLION WORDS IN AGGREGATE,
 MEMDDI DISTRIBUTED OVER   1 PROCESSORS IS     6000000 WORDS/PROCESSOR.
 TOTAL MEMORY REQUESTED ON EACH PROCESSOR=     7000000 WORDS.
 TIMLIM=      525600.00 MINUTES, OR     365.0 DAYS.
 PARALL= T  BALTYP=  DLB     KDIAG=    0  COREFL= F
 MXSEQ2=     300 MXSEQ3=     150  mem10=         0  mem22=         0

          ----------------
          PROPERTIES INPUT
          ----------------

     MOMENTS            FIELD           POTENTIAL          DENSITY
 IEMOM =       1   IEFLD =       0   IEPOT =       0   IEDEN =       0
 WHERE =COMASS     WHERE =NUCLEI     WHERE =NUCLEI     WHERE =NUCLEI  
 OUTPUT=BOTH       OUTPUT=BOTH       OUTPUT=BOTH       OUTPUT=BOTH    
 IEMINT=       0   IEFINT=       0                     IEDINT=       0
                                                       MORB  =       0
          EXTRAPOLATION IN EFFECT
          SOSCF IN EFFECT
 ORBITAL PRINTING OPTION: NPREO=     1    80     2     1

     -------------------------------
     INTEGRAL TRANSFORMATION OPTIONS
     -------------------------------
     NWORD  =            0
     CUTOFF = 1.0E-09     MPTRAN =       0
     DIRTRF =       F     AOINTS =DUP     

          -----------------------------
          LOCALIZATION INPUT PARAMETERS
          -----------------------------
           LOCAL=RUEDNBRG      NOUTA=       0
