----- GAMESS execution script 'rungms' -----
This job is running on host compute-3-0
under operating system Linux at Mon Nov 28 18:12:14 CST 2016
Available scratch disk space (Kbyte units) at beginning of the job is
Filesystem            1K-blocks       Used  Available Use% Mounted on
bolt.local:/export/home/sarom
                     9590469632 1552095232 7551207424  18% /home/sarom
Copying input file c32h16.inp to your run's scratch directory...
cp c32h16.inp .//c32h16.F05
unset echo
/home/sarom/gamessGH/ddikick.x /home/sarom/gamessGH/gamess.00.x c32h16 -ddi 1 1 localhost -scr ./

 Distributed Data Interface kickoff program.
 Initiating 1 compute processes on 1 nodes to run the following command:
 /home/sarom/gamessGH/gamess.00.x c32h16 

          ******************************************************
          *         GAMESS VERSION = 18 AUG 2016 (R1)          *
          *             FROM IOWA STATE UNIVERSITY             *
          * M.W.SCHMIDT, K.K.BALDRIDGE, J.A.BOATZ, S.T.ELBERT, *
          *   M.S.GORDON, J.H.JENSEN, S.KOSEKI, N.MATSUNAGA,   *
          *          K.A.NGUYEN, S.J.SU, T.L.WINDUS,           *
          *       TOGETHER WITH M.DUPUIS, J.A.MONTGOMERY       *
          *         J.COMPUT.CHEM.  14, 1347-1363(1993)        *
          **************** 64 BIT LINUX VERSION ****************

  SINCE 1993, STUDENTS AND POSTDOCS WORKING AT IOWA STATE UNIVERSITY
  AND ALSO IN THEIR VARIOUS JOBS AFTER LEAVING ISU HAVE MADE IMPORTANT
  CONTRIBUTIONS TO THE CODE:
     IVANA ADAMOVIC, CHRISTINE AIKENS, YURI ALEXEEV, POOJA ARORA,
     ANDREY ASADCHEV, ROB BELL, PRADIPTA BANDYOPADHYAY, JONATHAN BENTZ,
     BRETT BODE, KURT BRORSEN, CALEB CARLIN, GALINA CHABAN, WEI CHEN,
     CHEOL HO CHOI, PAUL DAY, ALBERT DEFUSCO, NUWAN DESILVA, TIM DUDLEY,
     DMITRI FEDOROV, GRAHAM FLETCHER, MARK FREITAG, KURT GLAESEMANN,
     DAN KEMP, GRANT MERRILL, NORIYUKI MINEZAWA, JONATHAN MULLIN,
     TAKESHI NAGATA, SEAN NEDD, HEATHER NETZLOFF, BOSILJKA NJEGIC, RYAN OLSON,
     MIKE PAK, SPENCER PRUITT, LUKE ROSKOP, JIM SHOEMAKER, LYUDMILA SLIPCHENKO,
     TONY SMITH, SAROM SOK LEANG, JIE SONG, TETSUYA TAKETSUGU, SIMON WEBB,
     PENG XU, SOOHAENG YOO, FEDERICO ZAHARIEV

  ADDITIONAL CODE HAS BEEN PROVIDED BY COLLABORATORS IN OTHER GROUPS:
     IOWA STATE UNIVERSITY:
          JOE IVANIC, AARON WEST, LAIMUTIS BYTAUTAS, KLAUS RUEDENBERG
     UNIVERSITY OF TOKYO: KIMIHIKO HIRAO, TAKAHITO NAKAJIMA,
          TAKAO TSUNEDA, MUNEAKI KAMIYA, SUSUMU YANAGISAWA,
          KIYOSHI YAGI, MAHITO CHIBA, SEIKEN TOKURA, NAOAKI KAWAKAMI
     UNIVERSITY OF AARHUS: FRANK JENSEN
     UNIVERSITY OF IOWA: VISVALDAS KAIRYS, HUI LI
     NATIONAL INST. OF STANDARDS AND TECHNOLOGY: WALT STEVENS, DAVID GARMER
     UNIVERSITY OF PISA: BENEDETTA MENNUCCI, JACOPO TOMASI
     UNIVERSITY OF MEMPHIS: HENRY KURTZ, PRAKASHAN KORAMBATH
     UNIVERSITY OF ALBERTA: TOBY ZENG, MARIUSZ KLOBUKOWSKI
     UNIVERSITY OF NEW ENGLAND: MARK SPACKMAN
     MIE UNIVERSITY: HIROAKI UMEDA
     NAT. INST. OF ADVANCED INDUSTRIAL SCIENCE AND TECHNOLOGY: KAZUO KITAURA
     MICHIGAN STATE UNIVERSITY:
          KAROL KOWALSKI, MARTA WLOCH, JEFFREY GOUR, JESSE LUTZ,
          WEI LI, PIOTR PIECUCH
     UNIVERSITY OF SILESIA: MONIKA MUSIAL, STANISLAW KUCHARSKI
     FACULTES UNIVERSITAIRES NOTRE-DAME DE LA PAIX:
          OLIVIER QUINET, BENOIT CHAMPAGNE
     UNIVERSITY OF CALIFORNIA - SANTA BARBARA: BERNARD KIRTMAN
     INSTITUTE FOR MOLECULAR SCIENCE:
          KAZUYA ISHIMURA, MICHIO KATOUDA, AND SHIGERU NAGASE
     UNIVERSITY OF NOTRE DAME: ANNA POMOGAEVA, DAN CHIPMAN
     KYUSHU UNIVERSITY:
          HARUYUKI NAKANO,
          FENG LONG GU, JACEK KORCHOWIEC, MARCIN MAKOWSKI, AND YURIKO AOKI,
          HIROTOSHI MORI AND EISAKU MIYOSHI
     PENNSYLVANIA STATE UNIVERSITY:
          TZVETELIN IORDANOV, CHET SWALINA, JONATHAN SKONE,
          SHARON HAMMES-SCHIFFER
     WASEDA UNIVERSITY:
          MASATO KOBAYASHI, TOMOKO AKAMA, TSUGUKI TOUMA,
          TAKESHI YOSHIKAWA, YASUHIRO IKABATA, JUNJI SEINO,
          YUYA NAKAJIMA, HIROMI NAKAI
     NANJING UNIVERSITY: SHUHUA LI
     UNIVERSITY OF NEBRASKA:
          PEIFENG SU, DEJUN SI, NANDUN THELLAMUREGE, YALI WANG, HUI LI
     UNIVERSITY OF ZURICH: ROBERTO PEVERATI, KIM BALDRIDGE
     N. COPERNICUS UNIVERSITY AND JACKSON STATE UNIVERSITY:
          MARIA BARYSZ
     UNIVERSITY OF COPENHAGEN: Jimmy Kromann, CASPER STEINMANN
     TOKYO INSTITUTE OF TECHNOLOGY: HIROYA NAKATA
     NAGOYA UNIVERSITY: YOSHIO NISHIMOTO, STEPHAN IRLE
     MOSCOW STATE UNIVERSITY: VLADIMIR MIRONOV

 EXECUTION OF GAMESS BEGUN Mon Nov 28 18:12:14 2016

            ECHO OF THE FIRST FEW INPUT CARDS -
 INPUT CARD>!   AO integral direct DFT test case from Shiro Koseki (B3LYP)                  
 INPUT CARD>!   C32H16, 48 atoms, 104 occupied MOs, 6-31G(d) has 512 AOs/MOs                
 INPUT CARD>!                                                                               
 INPUT CARD>!   This beautiful molecule has a central octagon of carbon atoms,              
 INPUT CARD>!   surrounded by 8 fused hexagons, each having two external H's,               
 INPUT CARD>!   so the entire molecule is curved into the shape of a saddle.                
 INPUT CARD>!   Koseki-san did a tight geometry optimization with the original              
 INPUT CARD>!   polar coordinate grid, whose gradient error is considerably                 
 INPUT CARD>!   larger than the OPTTOL=1d-5 he used!                                        
 INPUT CARD>!                                                                               
 INPUT CARD>!   FINAL E= -1228.2508186127, 19 iters, RMS grad=0.000115680                   
 INPUT CARD>!                                                                               
 INPUT CARD>!   This run takes 577 seconds on a 2.66 GHz Cloverton (31 Mar 2015)            
 INPUT CARD>!   results have been stationary since 2008.                                    
 INPUT CARD>!                                                                               
 INPUT CARD>!   ----------------------------------------------------------------------      
 INPUT CARD>!                            E            r.m.s     t(CPU)                      
 INPUT CARD>!   Hartree-Fock     -1221.0591267538  0.007924131   361   (13 iters)           
 INPUT CARD>!   standard grid 1  -1228.2525831189  0.000229903   497   (15 iters)           
 INPUT CARD>!   nthe=12/nphi=24  -1228.2512605457  0.000001366   861   old default          
 INPUT CARD>!      nleb= 194     -1228.2523511590  0.000227133   781                        
 INPUT CARD>!      nleb= 302     -1228.2508186128  0.000115680   871   new default          
 INPUT CARD>!      nleb= 350     -1228.2512093981  0.000127478   958                        
 INPUT CARD>!      nleb= 434     -1228.2511523758  0.000121979  1053                        
 INPUT CARD>!      nleb= 590     -1228.2510845745  0.000111761  1237                        
 INPUT CARD>!      nleb=1202     -1228.2510928592  0.000112757  1920, i.e. "army grade"     
 INPUT CARD>!                                                                               
 INPUT CARD>!   accuracy assessment, taking nleb=1202 as the "exact result".                
 INPUT CARD>!                   E error   avg.abs(g-g0)   N(electron)                       
 INPUT CARD>!   standard grid 1   +31       0.0001040     208.009485                        
 INPUT CARD>!   nthe=12/nphi=24    +4       0.0000893     208.001418   old default          
 INPUT CARD>!      nleb= 194      -26       0.0001150     208.007815                        
 INPUT CARD>!      nleb= 302       +6       0.0000403     207.998328   new default          
 INPUT CARD>!      nleb= 350       +2       0.0000383     208.000974                        
 INPUT CARD>!      nleb= 434       -1       0.0000163     208.000326                        
 INPUT CARD>!      nleb= 590        0       0.0000081     207.999973                        
 INPUT CARD>!      nleb=1202        0       0.0000000     207.999994   almost 208           
 INPUT CARD>!                                                                               
 INPUT CARD>!   E error means (E0 - E)/48 where 48=number of atoms, in microHartree         
 INPUT CARD>!   Average absolute error in gradient means                                    
 INPUT CARD>!                48  3                                                          
 INPUT CARD>!   1/(3*48) *  sum sum  abs(grad0(j,i)-grad(j,i))      in Hartree/Bohr         
 INPUT CARD>!               i=1 j=1                                                         
 INPUT CARD>!                                                                               
 INPUT CARD>!   time on DFT grid points in the SCF cannot be separated from AO              
 INPUT CARD>!   integrals, etc.  However the grid point time for the nuclear                
 INPUT CARD>!   gradient is measured separately, and is                                     
 INPUT CARD>!     SG1  =  15.5             (SG1 is a pruned (50,194) grid)                  
 INPUT CARD>!     12/24=        122        (12*24=288 is most comparable to 302)            
 INPUT CARD>!     NLEB =  77.2  121  140  175  238  489 s.conds for                         
   15000000 WORDS OF MEMORY AVAILABLE

     BASIS OPTIONS
     -------------
     GBASIS=N31          IGAUSS=       6      POLAR=POPN31  
     NDFUNC=       1     NFFUNC=       0     DIFFSP=       F
     NPFUNC=       0      DIFFS=       F     BASNAM=        


     RUN TITLE
     ---------
 C32H16 DFT test case from Shiro...optimized using old polar coord grid          

 THE POINT GROUP OF THE MOLECULE IS DND     
 THE ORDER OF THE PRINCIPAL AXIS IS     2

 ATOM      ATOMIC                      COORDINATES (BOHR)
           CHARGE         X                   Y                   Z
 C           6.0    -1.1691793160       -3.1000600093        0.7566225760
 C           6.0     1.1691793160       -3.1000600093       -0.7566225760
 C           6.0    -1.1691793160        3.1000600093       -0.7566225760
 C           6.0     3.1000600093        1.1691793160        0.7566225760
 C           6.0    -3.1000600093       -1.1691793160        0.7566225760
 C           6.0     3.1000600093       -1.1691793160       -0.7566225760
 C           6.0    -3.1000600093        1.1691793160       -0.7566225760
 C           6.0     1.1691793160        3.1000600093        0.7566225760
 C           6.0    -1.7883964087       -5.4584004121        1.9271825319
 C           6.0     1.7883964087       -5.4584004121       -1.9271825319
 C           6.0    -1.7883964087        5.4584004121       -1.9271825319
 C           6.0     5.4584004121        1.7883964087        1.9271825319
 C           6.0    -5.4584004121       -1.7883964087        1.9271825319
 C           6.0     5.4584004121       -1.7883964087       -1.9271825319
 C           6.0    -5.4584004121        1.7883964087       -1.9271825319
 C           6.0     1.7883964087        5.4584004121        1.9271825319
 C           6.0    -0.7266652366       -7.7855924880        1.0564560680
 C           6.0     0.7266652366       -7.7855924880       -1.0564560680
 C           6.0    -0.7266652366        7.7855924880       -1.0564560680
 C           6.0     7.7855924880        0.7266652366        1.0564560680
 C           6.0    -7.7855924880       -0.7266652366        1.0564560680
 C           6.0     7.7855924880       -0.7266652366       -1.0564560680
 C           6.0    -7.7855924880        0.7266652366       -1.0564560680
 C           6.0     0.7266652366        7.7855924880        1.0564560680
 C           6.0    -3.8258957771       -5.6459606009        3.6630092729
 C           6.0     3.8258957771       -5.6459606009       -3.6630092729
 C           6.0    -3.8258957771        5.6459606009       -3.6630092729
 C           6.0     5.6459606009        3.8258957771        3.6630092729
 C           6.0    -5.6459606009       -3.8258957771        3.6630092729
 C           6.0     5.6459606009       -3.8258957771       -3.6630092729
 C           6.0    -5.6459606009        3.8258957771       -3.6630092729
 C           6.0     3.8258957771        5.6459606009        3.6630092729
 H           1.0    -1.3342076441       -9.5354264936        1.9440739984
 H           1.0     1.3342076441       -9.5354264936       -1.9440739984
 H           1.0    -1.3342076441        9.5354264936       -1.9440739984
 H           1.0     9.5354264936        1.3342076441        1.9440739984
 H           1.0    -9.5354264936       -1.3342076441        1.9440739984
 H           1.0     9.5354264936       -1.3342076441       -1.9440739984
 H           1.0    -9.5354264936        1.3342076441       -1.9440739984
 H           1.0     1.3342076441        9.5354264936        1.9440739984
 H           1.0    -4.0536547245       -7.3808712064        4.7396845703
 H           1.0     4.0536547245       -7.3808712064       -4.7396845703
 H           1.0    -4.0536547245        7.3808712064       -4.7396845703
 H           1.0     7.3808712064        4.0536547245        4.7396845703
 H           1.0    -7.3808712064       -4.0536547245        4.7396845703
 H           1.0     7.3808712064       -4.0536547245       -4.7396845703
 H           1.0    -7.3808712064        4.0536547245       -4.7396845703
 H           1.0     4.0536547245        7.3808712064        4.7396845703

          INTERNUCLEAR DISTANCES (ANGS.)
          ------------------------------

                1 C          2 C          3 C          4 C          5 C     

   1 C       0.0000000    1.4739113 *  3.3772704    3.1949691    1.4450125 *
   2 C       1.4739113 *  0.0000000    3.5065494    2.6056064 *  2.6056064 *
   3 C       3.3772704    3.5065494    0.0000000    2.6056064 *  2.6056064 *
   4 C       3.1949691    2.6056064 *  2.6056064 *  0.0000000    3.5065494  
   5 C       1.4450125 *  2.6056064 *  2.6056064 *  3.5065494    0.0000000  
   6 C       2.6056064 *  1.4450125 *  3.1949691    1.4739113 *  3.3772704  
   7 C       2.6056064 *  3.1949691    1.4450125 *  3.3772704    1.4739113 *
   8 C       3.5065494    3.3772704    1.4739113 *  1.4450125 *  3.1949691  
   9 C       1.4312665 *  2.4543691 *  4.7576974    4.4017888    2.4530142 *
  10 C       2.4543691 *  1.4312665 *  4.8316146    3.8469433    3.7229879  
  11 C       4.7576974    4.8316146    1.4312665 *  3.7229879    3.8469433  
  12 C       4.4017888    3.7229879    3.8469433    1.4312665 *  4.8316146  
  13 C       2.4530142 *  3.8469433    3.7229879    4.8316146    1.4312665 *
  14 C       3.8469433    2.4530142 *  4.4017888    2.4543691 *  4.7576974  
  15 C       3.7229879    4.4017888    2.4530142 *  4.7576974    2.4543691 *
  16 C       4.8316146    4.7576974    2.4543691 *  2.4530142 *  4.4017888  
  17 C       2.4955594 *  2.8416225 *  5.8444867    5.1556549    3.7230854  
  18 C       2.8416225 *  2.4955594 *  5.8493013    4.9952817    4.1569224  
  19 C       5.8444867    5.8493013    2.4955594 *  4.1569224    4.9952817  
  20 C       5.1556549    4.1569224    4.9952817    2.4955594 *  5.8493013  
  21 C       3.7230854    4.9952817    4.1569224    5.8493013    2.4955594 *
  22 C       4.9952817    3.7230854    5.1556549    2.8416225 *  5.8444867  
  23 C       4.1569224    5.1556549    3.7230854    5.8444867    2.8416225 *
  24 C       5.8493013    5.8444867    2.8416225 *  3.7230854    5.1556549  
  25 C       2.4813186 *  3.7778042    5.3727563    5.3669656    2.8504678 *
  26 C       3.7778042    2.4813186 *  5.5473006    4.3155083    4.9512324  
  27 C       5.3727563    5.5473006    2.4813186 *  4.9512324    4.3155083  
  28 C       5.3669656    4.9512324    4.3155083    2.4813186 *  5.5473006  
  29 C       2.8504678 *  4.3155083    4.9512324    5.5473006    2.4813186 *
  30 C       4.3155083    2.8504678 *  5.3669656    3.7778042    5.3727563  
  31 C       4.9512324    5.3669656    2.8504678 *  5.3727563    3.7778042  
  32 C       5.5473006    5.3727563    3.7778042    2.8504678 *  5.3669656  
  33 H       3.4640388    3.9235790    6.8379963    6.1635261    4.5681934  
  34 H       3.9235790    3.4640388    6.8452817    5.9163953    5.2104637  
  35 H       6.8379963    6.8452817    3.4640388    5.2104637    5.9163953  
  36 H       6.1635261    5.2104637    5.9163953    3.4640388    6.8452817  
  37 H       4.5681934    5.9163953    5.2104637    6.8452817    3.4640388  
  38 H       5.9163953    4.5681934    6.1635261    3.9235790    6.8379963  
  39 H       5.2104637    6.1635261    4.5681934    6.8379963    3.9235790  
  40 H       6.8452817    6.8379963    3.9235790    4.5681934    6.1635261  
  41 H       3.4502327    4.6075731    6.4459678    6.2645240    3.9372794  
  42 H       4.6075731    3.4502327    6.5454049    5.4023295    5.7961251  
  43 H       6.4459678    6.5454049    3.4502327    5.7961251    5.4023295  
  44 H       6.2645240    5.7961251    5.4023295    3.4502327    6.5454049  
  45 H       3.9372794    5.4023295    5.7961251    6.5454049    3.4502327  
  46 H       5.4023295    3.9372794    6.2645240    4.6075731    6.4459678  
  47 H       5.7961251    6.2645240    3.9372794    6.4459678    4.6075731  
  48 H       6.5454049    6.4459678    4.6075731    3.9372794    6.2645240  

                6 C          7 C          8 C          9 C         10 C     

   1 C       2.6056064 *  2.6056064 *  3.5065494    1.4312665 *  2.4543691 *
   2 C       1.4450125 *  3.1949691    3.3772704    2.4543691 *  1.4312665 *
   3 C       3.1949691    1.4450125 *  1.4739113 *  4.7576974    4.8316146  
   4 C       1.4739113 *  3.3772704    1.4450125 *  4.4017888    3.8469433  
   5 C       3.3772704    1.4739113 *  3.1949691    2.4530142 *  3.7229879  
   6 C       0.0000000    3.5065494    2.6056064 *  3.7229879    2.4530142 *
   7 C       3.5065494    0.0000000    2.6056064 *  3.8469433    4.4017888  
   8 C       2.6056064 *  2.6056064 *  0.0000000    4.8316146    4.7576974  
   9 C       3.7229879    3.8469433    4.8316146    0.0000000    2.7825656 *
  10 C       2.4530142 *  4.4017888    4.7576974    2.7825656 *  0.0000000  
  11 C       4.4017888    2.4530142 *  2.4543691 *  6.1264162    6.0790925  
  12 C       2.4543691 *  4.7576974    2.4530142 *  5.4232827    4.7579222  
  13 C       4.7576974    2.4543691 *  4.4017888    2.7465196 *  4.7579222  
  14 C       1.4312665 *  4.8316146    3.7229879    4.7579222    2.7465196 *
  15 C       4.8316146    1.4312665 *  3.8469433    4.7579222    5.4232827  
  16 C       3.8469433    3.7229879    1.4312665 *  6.0790925    6.1264162  
  17 C       4.1569224    4.9952817    5.8493013    1.4298816 *  2.4043206 *
  18 C       3.7230854    5.1556549    5.8444867    2.4043206 *  1.4298816 *
  19 C       5.1556549    3.7230854    2.8416225 *  7.2060015    7.1485373  
  20 C       2.8416225 *  5.8444867    3.7230854    6.0491803    4.8246195  
  21 C       5.8444867    2.8416225 *  5.1556549    4.0686072    5.8677306  
  22 C       2.4955594 *  5.8493013    4.1569224    5.8677306    4.0686072  
  23 C       5.8493013    2.4955594 *  4.9952817    4.8246195    6.0491803  
  24 C       4.9952817    4.1569224    2.4955594 *  7.1485373    7.2060015  
  25 C       4.9512324    4.3155083    5.5473006    1.4198997 *  4.1937322  
  26 C       2.8504678 *  5.3669656    5.3727563    4.1937322    1.4198997 *
  27 C       5.3669656    2.8504678 *  3.7778042    6.6665514    6.6482904  
  28 C       3.7778042    5.3727563    2.8504678 *  6.3607219    6.0873603  
  29 C       5.3727563    3.7778042    5.3669656    2.3993954 *  4.9974335  
  30 C       2.4813186 *  5.5473006    4.9512324    4.9974335    2.3993954 *
  31 C       5.5473006    2.4813186 *  4.3155083    6.0873603    6.3607219  
  32 C       4.3155083    4.9512324    2.4813186 *  6.6482904    6.6665514  
  33 H       5.2104637    5.9163953    6.8452817    2.1708341 *  3.4032073  
  34 H       4.5681934    6.1635261    6.8379963    3.4032073    2.1708341 *
  35 H       6.1635261    4.5681934    3.9235790    8.1981112    8.1046357  
  36 H       3.9235790    6.8379963    4.5681934    6.9877204    5.8243794  
  37 H       6.8379963    3.9235790    6.1635261    4.6442872    6.6983171  
  38 H       3.4640388    6.8452817    5.2104637    6.6983171    4.6442872  
  39 H       6.8452817    3.4640388    5.9163953    5.8243794    6.9877204  
  40 H       5.9163953    5.2104637    3.4640388    8.1046357    8.1981112  
  41 H       5.7961251    5.4023295    6.5454049    2.1649402 *  4.7998615  
  42 H       3.9372794    6.2645240    6.4459678    4.7998615    2.1649402 *
  43 H       6.2645240    3.9372794    4.6075731    7.7488863    7.6114495  
  44 H       4.6075731    6.4459678    3.9372794    7.1481021    6.8221207  
  45 H       6.4459678    4.6075731    6.2645240    3.3949619    6.0450457  
  46 H       3.4502327    6.5454049    5.7961251    6.0450457    3.3949619  
  47 H       6.5454049    3.4502327    5.4023295    6.8221207    7.1481021  
  48 H       5.4023295    5.7961251    3.4502327    7.6114495    7.7488863  

               11 C         12 C         13 C         14 C         15 C     

   1 C       4.7576974    4.4017888    2.4530142 *  3.8469433    3.7229879  
   2 C       4.8316146    3.7229879    3.8469433    2.4530142 *  4.4017888  
   3 C       1.4312665 *  3.8469433    3.7229879    4.4017888    2.4530142 *
   4 C       3.7229879    1.4312665 *  4.8316146    2.4543691 *  4.7576974  
   5 C       3.8469433    4.8316146    1.4312665 *  4.7576974    2.4543691 *
   6 C       4.4017888    2.4543691 *  4.7576974    1.4312665 *  4.8316146  
   7 C       2.4530142 *  4.7576974    2.4543691 *  4.8316146    1.4312665 *
   8 C       2.4543691 *  2.4530142 *  4.4017888    3.7229879    3.8469433  
   9 C       6.1264162    5.4232827    2.7465196 *  4.7579222    4.7579222  
  10 C       6.0790925    4.7579222    4.7579222    2.7465196 *  5.4232827  
  11 C       0.0000000    4.7579222    4.7579222    5.4232827    2.7465196 *
  12 C       4.7579222    0.0000000    6.0790925    2.7825656 *  6.1264162  
  13 C       4.7579222    6.0790925    0.0000000    6.1264162    2.7825656 *
  14 C       5.4232827    2.7825656 *  6.1264162    0.0000000    6.0790925  
  15 C       2.7465196 *  6.1264162    2.7825656 *  6.0790925    0.0000000  
  16 C       2.7825656 *  2.7465196 *  5.4232827    4.7579222    4.7579222  
  17 C       7.2060015    6.0491803    4.0686072    4.8246195    5.8677306  
  18 C       7.1485373    5.8677306    4.8246195    4.0686072    6.0491803  
  19 C       1.4298816 *  4.8246195    5.8677306    6.0491803    4.0686072  
  20 C       5.8677306    1.4298816 *  7.1485373    2.4043206 *  7.2060015  
  21 C       4.8246195    7.1485373    1.4298816 *  7.2060015    2.4043206 *
  22 C       6.0491803    2.4043206 *  7.2060015    1.4298816 *  7.1485373  
  23 C       4.0686072    7.2060015    2.4043206 *  7.1485373    1.4298816 *
  24 C       2.4043206 *  4.0686072    6.0491803    5.8677306    4.8246195  
  25 C       6.6665514    6.3607219    2.3993954 *  6.0873603    4.9974335  
  26 C       6.6482904    4.9974335    6.0873603    2.3993954 *  6.3607219  
  27 C       1.4198997 *  6.0873603    4.9974335    6.3607219    2.3993954 *
  28 C       4.9974335    1.4198997 *  6.6482904    4.1937322    6.6665514  
  29 C       6.0873603    6.6482904    1.4198997 *  6.6665514    4.1937322  
  30 C       6.3607219    4.1937322    6.6665514    1.4198997 *  6.6482904  
  31 C       2.3993954 *  6.6665514    4.1937322    6.6482904    1.4198997 *
  32 C       4.1937322    2.3993954 *  6.3607219    4.9974335    6.0873603  
  33 H       8.1981112    6.9877204    4.6442872    5.8243794    6.6983171  
  34 H       8.1046357    6.6983171    5.8243794    4.6442872    6.9877204  
  35 H       2.1708341 *  5.8243794    6.6983171    6.9877204    4.6442872  
  36 H       6.6983171    2.1708341 *  8.1046357    3.4032073    8.1981112  
  37 H       5.8243794    8.1046357    2.1708341 *  8.1981112    3.4032073  
  38 H       6.9877204    3.4032073    8.1981112    2.1708341 *  8.1046357  
  39 H       4.6442872    8.1981112    3.4032073    8.1046357    2.1708341 *
  40 H       3.4032073    4.6442872    6.9877204    6.6983171    5.8243794  
  41 H       7.7488863    7.1481021    3.3949619    6.8221207    6.0450457  
  42 H       7.6114495    6.0450457    6.8221207    3.3949619    7.1481021  
  43 H       2.1649402 *  6.8221207    6.0450457    7.1481021    3.3949619  
  44 H       6.0450457    2.1649402 *  7.6114495    4.7998615    7.7488863  
  45 H       6.8221207    7.6114495    2.1649402 *  7.7488863    4.7998615  
  46 H       7.1481021    4.7998615    7.7488863    2.1649402 *  7.6114495  
  47 H       3.3949619    7.7488863    4.7998615    7.6114495    2.1649402 *
  48 H       4.7998615    3.3949619    7.1481021    6.0450457    6.8221207  

               16 C         17 C         18 C         19 C         20 C     

   1 C       4.8316146    2.4955594 *  2.8416225 *  5.8444867    5.1556549  
   2 C       4.7576974    2.8416225 *  2.4955594 *  5.8493013    4.1569224  
   3 C       2.4543691 *  5.8444867    5.8493013    2.4955594 *  4.9952817  
   4 C       2.4530142 *  5.1556549    4.9952817    4.1569224    2.4955594 *
   5 C       4.4017888    3.7230854    4.1569224    4.9952817    5.8493013  
   6 C       3.8469433    4.1569224    3.7230854    5.1556549    2.8416225 *
   7 C       3.7229879    4.9952817    5.1556549    3.7230854    5.8444867  
   8 C       1.4312665 *  5.8493013    5.8444867    2.8416225 *  3.7230854  
   9 C       6.0790925    1.4298816 *  2.4043206 *  7.2060015    6.0491803  
  10 C       6.1264162    2.4043206 *  1.4298816 *  7.1485373    4.8246195  
  11 C       2.7825656 *  7.2060015    7.1485373    1.4298816 *  5.8677306  
  12 C       2.7465196 *  6.0491803    5.8677306    4.8246195    1.4298816 *
  13 C       5.4232827    4.0686072    4.8246195    5.8677306    7.1485373  
  14 C       4.7579222    4.8246195    4.0686072    6.0491803    2.4043206 *
  15 C       4.7579222    5.8677306    6.0491803    4.0686072    7.2060015  
  16 C       0.0000000    7.1485373    7.2060015    2.4043206 *  4.0686072  
  17 C       7.1485373    0.0000000    1.3570655 *  8.3154307    6.3703153  
  18 C       7.2060015    1.3570655 *  0.0000000    8.2757294    5.9576847  
  19 C       2.4043206 *  8.3154307    8.2757294    0.0000000    5.9576847  
  20 C       4.0686072    6.3703153    5.9576847    5.9576847    0.0000000  
  21 C       6.0491803    5.2826869    5.9576847    5.9576847    8.2757294  
  22 C       4.8246195    5.9576847    5.2826869    6.3703153    1.3570655 *
  23 C       5.8677306    5.9576847    6.3703153    5.2826869    8.3154307  
  24 C       1.4298816 *  8.2757294    8.3154307    1.3570655 *  5.2826869  
  25 C       6.6482904    2.4236881 *  3.6500646    7.7101180    7.1435232  
  26 C       6.6665514    3.6500646    2.4236881 *  7.6305552    4.6904007  
  27 C       4.1937322    7.7101180    7.6305552    2.4236881 *  7.1252391  
  28 C       2.3993954 *  7.1435232    7.1252391    4.6904007    2.4236881 *
  29 C       6.3607219    3.6152058    4.6904007    7.1252391    7.6305552  
  30 C       6.0873603    4.6904007    3.6152058    7.1435232    3.6500646  
  31 C       4.9974335    7.1252391    7.1435232    3.6152058    7.7101180  
  32 C       1.4198997 *  7.6305552    7.7101180    3.6500646    3.6152058  
  33 H       8.1046357    1.0869270 *  2.1372667 *  9.3079554    7.2801626  
  34 H       8.1981112    2.1372667 *  1.0869270 *  9.2424827    6.6080250  
  35 H       3.4032073    9.3079554    9.2424827    1.0869270 *  6.8949219  
  36 H       4.6442872    7.2801626    6.8949219    6.6080250    1.0869270 *
  37 H       6.9877204    5.7969069    6.6080250    6.8949219    9.2424827  
  38 H       5.8243794    6.6080250    5.7969069    7.2801626    2.1372667 *
  39 H       6.6983171    6.8949219    7.2801626    5.7969069    9.3079554  
  40 H       2.1708341 *  9.2424827    9.3079554    2.1372667 *  5.7969069  
  41 H       7.6114495    2.6352193 *  3.9815271    8.7703962    7.8394371  
  42 H       7.7488863    3.9815271    2.6352193 *  8.6377428    5.6315687  
  43 H       4.7998615    8.7703962    8.6377428    2.6352193 *  7.8139517  
  44 H       3.3949619    7.8394371    7.8139517    5.6315687    2.6352193 *
  45 H       7.1481021    4.4831024    5.6315687    7.8139517    8.6377428  
  46 H       6.8221207    5.6315687    4.4831024    7.8394371    3.9815271  
  47 H       6.0450457    7.8139517    7.8394371    4.4831024    8.7703962  
  48 H       2.1649402 *  8.6377428    8.7703962    3.9815271    4.4831024  

               21 C         22 C         23 C         24 C         25 C     

   1 C       3.7230854    4.9952817    4.1569224    5.8493013    2.4813186 *
   2 C       4.9952817    3.7230854    5.1556549    5.8444867    3.7778042  
   3 C       4.1569224    5.1556549    3.7230854    2.8416225 *  5.3727563  
   4 C       5.8493013    2.8416225 *  5.8444867    3.7230854    5.3669656  
   5 C       2.4955594 *  5.8444867    2.8416225 *  5.1556549    2.8504678 *
   6 C       5.8444867    2.4955594 *  5.8493013    4.9952817    4.9512324  
   7 C       2.8416225 *  5.8493013    2.4955594 *  4.1569224    4.3155083  
   8 C       5.1556549    4.1569224    4.9952817    2.4955594 *  5.5473006  
   9 C       4.0686072    5.8677306    4.8246195    7.1485373    1.4198997 *
  10 C       5.8677306    4.0686072    6.0491803    7.2060015    4.1937322  
  11 C       4.8246195    6.0491803    4.0686072    2.4043206 *  6.6665514  
  12 C       7.1485373    2.4043206 *  7.2060015    4.0686072    6.3607219  
  13 C       1.4298816 *  7.2060015    2.4043206 *  6.0491803    2.3993954 *
  14 C       7.2060015    1.4298816 *  7.1485373    5.8677306    6.0873603  
  15 C       2.4043206 *  7.1485373    1.4298816 *  4.8246195    4.9974335  
  16 C       6.0491803    4.8246195    5.8677306    1.4298816 *  6.6482904  
  17 C       5.2826869    5.9576847    5.9576847    8.2757294    2.4236881 *
  18 C       5.9576847    5.2826869    6.3703153    8.3154307    3.6500646  
  19 C       5.9576847    6.3703153    5.2826869    1.3570655 *  7.7101180  
  20 C       8.2757294    1.3570655 *  8.3154307    5.2826869    7.1435232  
  21 C       0.0000000    8.3154307    1.3570655 *  6.3703153    3.6152058  
  22 C       8.3154307    0.0000000    8.2757294    5.9576847    7.1252391  
  23 C       1.3570655 *  8.2757294    0.0000000    5.9576847    4.6904007  
  24 C       6.3703153    5.9576847    5.9576847    0.0000000    7.6305552  
  25 C       3.6152058    7.1252391    4.6904007    7.6305552    0.0000000  
  26 C       7.1252391    3.6152058    7.1435232    7.7101180    5.6057947  
  27 C       4.6904007    7.1435232    3.6152058    3.6500646    7.1228522  
  28 C       7.6305552    3.6500646    7.7101180    3.6152058    7.0884498  
  29 C       2.4236881 *  7.7101180    3.6500646    7.1435232    1.3620813 *
  30 C       7.7101180    2.4236881 *  7.6305552    7.1252391    6.4093665  
  31 C       3.6500646    7.6305552    2.4236881 *  4.6904007    6.4093665  
  32 C       7.1435232    4.6904007    7.1252391    2.4236881 *  7.2181290  
  33 H       5.7969069    6.8949219    6.6080250    9.2424827    2.6081081 *
  34 H       6.8949219    5.7969069    7.2801626    9.3079554    4.5272960  
  35 H       6.6080250    7.2801626    5.7969069    2.1372667 *  8.6649831  
  36 H       9.2424827    2.1372667 *  9.3079554    5.7969069    8.0289011  
  37 H       1.0869270 *  9.3079554    2.1372667 *  7.2801626    3.8938491  
  38 H       9.3079554    1.0869270 *  9.2424827    6.8949219    8.0001297  
  39 H       2.1372667 *  9.2424827    1.0869270 *  6.6080250    5.6192762  
  40 H       7.2801626    6.6080250    6.8949219    1.0869270 *  8.5336443  
  41 H       4.4831024    7.8139517    5.6315687    8.6377428    1.0872009 *
  42 H       7.8139517    4.4831024    7.8394371    8.7703962    6.1644606  
  43 H       5.6315687    7.8394371    4.4831024    3.9815271    8.2040478  
  44 H       8.6377428    3.9815271    8.7703962    4.4831024    7.8638195  
  45 H       2.6352193 *  8.7703962    3.9815271    7.8394371    2.1385910 *
  46 H       8.7703962    2.6352193 *  8.6377428    7.8139517    7.4599415  
  47 H       3.9815271    8.6377428    2.6352193 *  5.6315687    7.0467189  
  48 H       7.8394371    5.6315687    7.8139517    2.6352193 *  8.0765849  

               26 C         27 C         28 C         29 C         30 C     

   1 C       3.7778042    5.3727563    5.3669656    2.8504678 *  4.3155083  
   2 C       2.4813186 *  5.5473006    4.9512324    4.3155083    2.8504678 *
   3 C       5.5473006    2.4813186 *  4.3155083    4.9512324    5.3669656  
   4 C       4.3155083    4.9512324    2.4813186 *  5.5473006    3.7778042  
   5 C       4.9512324    4.3155083    5.5473006    2.4813186 *  5.3727563  
   6 C       2.8504678 *  5.3669656    3.7778042    5.3727563    2.4813186 *
   7 C       5.3669656    2.8504678 *  5.3727563    3.7778042    5.5473006  
   8 C       5.3727563    3.7778042    2.8504678 *  5.3669656    4.9512324  
   9 C       4.1937322    6.6665514    6.3607219    2.3993954 *  4.9974335  
  10 C       1.4198997 *  6.6482904    6.0873603    4.9974335    2.3993954 *
  11 C       6.6482904    1.4198997 *  4.9974335    6.0873603    6.3607219  
  12 C       4.9974335    6.0873603    1.4198997 *  6.6482904    4.1937322  
  13 C       6.0873603    4.9974335    6.6482904    1.4198997 *  6.6665514  
  14 C       2.3993954 *  6.3607219    4.1937322    6.6665514    1.4198997 *
  15 C       6.3607219    2.3993954 *  6.6665514    4.1937322    6.6482904  
  16 C       6.6665514    4.1937322    2.3993954 *  6.3607219    6.0873603  
  17 C       3.6500646    7.7101180    7.1435232    3.6152058    4.6904007  
  18 C       2.4236881 *  7.6305552    7.1252391    4.6904007    3.6152058  
  19 C       7.6305552    2.4236881 *  4.6904007    7.1252391    7.1435232  
  20 C       4.6904007    7.1252391    2.4236881 *  7.6305552    3.6500646  
  21 C       7.1252391    4.6904007    7.6305552    2.4236881 *  7.7101180  
  22 C       3.6152058    7.1435232    3.6500646    7.7101180    2.4236881 *
  23 C       7.1435232    3.6152058    7.7101180    3.6500646    7.6305552  
  24 C       7.7101180    3.6500646    3.6152058    7.1435232    7.1252391  
  25 C       5.6057947    7.1228522    7.0884498    1.3620813 *  6.4093665  
  26 C       0.0000000    7.2181290    6.4093665    6.4093665    1.3620813 *
  27 C       7.2181290    0.0000000    6.4093665    6.4093665    7.0884498  
  28 C       6.4093665    6.4093665    0.0000000    7.2181290    5.6057947  
  29 C       6.4093665    6.4093665    7.2181290    0.0000000    7.1228522  
  30 C       1.3620813 *  7.0884498    5.6057947    7.1228522    0.0000000  
  31 C       7.0884498    1.3620813 *  7.1228522    5.6057947    7.2181290  
  32 C       7.1228522    5.6057947    1.3620813 *  7.0884498    6.4093665  
  33 H       4.5272960    8.6649831    8.0289011    3.8938491    5.6192762  
  34 H       2.6081081 *  8.5336443    8.0001297    5.6192762    3.8938491  
  35 H       8.5336443    2.6081081 *  5.6192762    8.0001297    8.0289011  
  36 H       5.6192762    8.0001297    2.6081081 *  8.5336443    4.5272960  
  37 H       8.0001297    5.6192762    8.5336443    2.6081081 *  8.6649831  
  38 H       3.8938491    8.0289011    4.5272960    8.6649831    2.6081081 *
  39 H       8.0289011    3.8938491    8.6649831    4.5272960    8.5336443  
  40 H       8.6649831    4.5272960    3.8938491    8.0289011    8.0001297  
  41 H       6.1644606    8.2040478    7.8638195    2.1385910 *  7.0467189  
  42 H       1.0872009 *  8.0765849    7.4599415    7.0467189    2.1385910 *
  43 H       8.0765849    1.0872009 *  7.0467189    7.4599415    7.8638195  
  44 H       7.0467189    7.4599415    1.0872009 *  8.0765849    6.1644606  
  45 H       7.4599415    7.0467189    8.0765849    1.0872009 *  8.2040478  
  46 H       2.1385910 *  7.8638195    6.1644606    8.2040478    1.0872009 *
  47 H       7.8638195    2.1385910 *  8.2040478    6.1644606    8.0765849  
  48 H       8.2040478    6.1644606    2.1385910 *  7.8638195    7.4599415  

               31 C         32 C         33 H         34 H         35 H     

   1 C       4.9512324    5.5473006    3.4640388    3.9235790    6.8379963  
   2 C       5.3669656    5.3727563    3.9235790    3.4640388    6.8452817  
   3 C       2.8504678 *  3.7778042    6.8379963    6.8452817    3.4640388  
   4 C       5.3727563    2.8504678 *  6.1635261    5.9163953    5.2104637  
   5 C       3.7778042    5.3669656    4.5681934    5.2104637    5.9163953  
   6 C       5.5473006    4.3155083    5.2104637    4.5681934    6.1635261  
   7 C       2.4813186 *  4.9512324    5.9163953    6.1635261    4.5681934  
   8 C       4.3155083    2.4813186 *  6.8452817    6.8379963    3.9235790  
   9 C       6.0873603    6.6482904    2.1708341 *  3.4032073    8.1981112  
  10 C       6.3607219    6.6665514    3.4032073    2.1708341 *  8.1046357  
  11 C       2.3993954 *  4.1937322    8.1981112    8.1046357    2.1708341 *
  12 C       6.6665514    2.3993954 *  6.9877204    6.6983171    5.8243794  
  13 C       4.1937322    6.3607219    4.6442872    5.8243794    6.6983171  
  14 C       6.6482904    4.9974335    5.8243794    4.6442872    6.9877204  
  15 C       1.4198997 *  6.0873603    6.6983171    6.9877204    4.6442872  
  16 C       4.9974335    1.4198997 *  8.1046357    8.1981112    3.4032073  
  17 C       7.1252391    7.6305552    1.0869270 *  2.1372667 *  9.3079554  
  18 C       7.1435232    7.7101180    2.1372667 *  1.0869270 *  9.2424827  
  19 C       3.6152058    3.6500646    9.3079554    9.2424827    1.0869270 *
  20 C       7.7101180    3.6152058    7.2801626    6.6080250    6.8949219  
  21 C       3.6500646    7.1435232    5.7969069    6.8949219    6.6080250  
  22 C       7.6305552    4.6904007    6.8949219    5.7969069    7.2801626  
  23 C       2.4236881 *  7.1252391    6.6080250    7.2801626    5.7969069  
  24 C       4.6904007    2.4236881 *  9.2424827    9.3079554    2.1372667 *
  25 C       6.4093665    7.2181290    2.6081081 *  4.5272960    8.6649831  
  26 C       7.0884498    7.1228522    4.5272960    2.6081081 *  8.5336443  
  27 C       1.3620813 *  5.6057947    8.6649831    8.5336443    2.6081081 *
  28 C       7.1228522    1.3620813 *  8.0289011    8.0001297    5.6192762  
  29 C       5.6057947    7.0884498    3.8938491    5.6192762    8.0001297  
  30 C       7.2181290    6.4093665    5.6192762    3.8938491    8.0289011  
  31 C       0.0000000    6.4093665    8.0001297    8.0289011    3.8938491  
  32 C       6.4093665    0.0000000    8.5336443    8.6649831    4.5272960  
  33 H       8.0001297    8.5336443    0.0000000    2.4954585 * 10.2994687  
  34 H       8.0289011    8.6649831    2.4954585 *  0.0000000   10.1901715  
  35 H       3.8938491    4.5272960   10.2994687   10.1901715    0.0000000  
  36 H       8.6649831    3.8938491    8.1345042    7.4935428    7.4935428  
  37 H       4.5272960    8.0289011    6.1375432    7.4935428    7.4935428  
  38 H       8.5336443    5.6192762    7.4935428    6.1375432    8.1345042  
  39 H       2.6081081 *  8.0001297    7.4935428    8.1345042    6.1375432  
  40 H       5.6192762    2.6081081 * 10.1901715   10.2994687    2.4954585 *
  41 H       7.4599415    8.0765849    2.3578359 *  4.6838554    9.7321026  
  42 H       7.8638195    8.2040478    4.6838554    2.3578359 *  9.5105626  
  43 H       2.1385910 *  6.1644606    9.7321026    9.5105626    2.3578359 *
  44 H       8.2040478    2.1385910 *  8.6699708    8.6289632    6.4956383  
  45 H       6.1644606    7.8638195    4.5652818    6.4956383    8.6289632  
  46 H       8.0765849    7.0467189    6.4956383    4.5652818    8.6699708  
  47 H       1.0872009 *  7.4599415    8.6289632    8.6699708    4.5652818  
  48 H       7.0467189    1.0872009 *  9.5105626    9.7321026    4.6838554  

