-catch_rsh /opt/gridengine/default/spool/compute-1-7/active_jobs/35846.1/pe_hostfile
compute-1-7
The primary node assigned by SGE to this run is compute-1-7
Warning: no access to tty (Bad file descriptor).
Thus no job control in this shell.
source /home/sarom/dir.git.branch.saromleang-travis-ci/install.info
setenv GMS_PATH /home/sarom/dir.git.branch.saromleang-travis-ci
setenv GMS_BUILD_DIR /home/sarom/dir.git.branch.saromleang-travis-ci
setenv GMS_TARGET linux64
setenv GMS_FORTRAN gfortran
setenv GMS_GFORTRAN_VERNO 4.4
setenv GMS_MATHLIB mkl-so
setenv GMS_MATHLIB none
setenv GMS_MATHLIB_PATH /share/apps/intel/compilers_and_libraries_2017.1.132/linux/mkl/lib/intel64
setenv GMS_MKL_VERNO 12
setenv GMS_DDI_COMM sockets
setenv GMS_LIBCCHEM false
setenv GMS_EIGEN_PATH
setenv GMS_PHI false
setenv GMS_SHMTYPE sysv
setenv GMS_OPENMP false
unset echo
trf-local
/home/sarom/dir.git.branch.saromleang-travis-ci/tests/trf/parallel
----- GAMESS execution script 'rungms' -----
This job is running on host compute-1-7.local
under operating system Linux at Wed Aug 9 20:28:11 CDT 2017
Available scratch disk space (Kbyte units) at beginning of the job is
Filesystem           1K-blocks      Used Available Use% Mounted on
/dev/sda1             16126920   8505684   6802036  56% /
GAMESS temporary binary files will be written to /scratch
GAMESS supplementary output files will be written to /home/sarom/restart
Copying input file trf-local.inp to your run's scratch directory...
cp /home/sarom/dir.git.branch.saromleang-travis-ci/tests/trf/parallel/trf-local.inp /scratch/trf-local.F05
unset echo
The generated host list is
compute-1-7.local
/home/sarom/dir.git.branch.saromleang-travis-ci/ddikick.x /home/sarom/dir.git.branch.saromleang-travis-ci/gamess.00.x trf-local -ddi 1 1 compute-1-7.local -scr /scratch

 Distributed Data Interface kickoff program.
 Initiating 1 compute processes on 1 nodes to run the following command:
 /home/sarom/dir.git.branch.saromleang-travis-ci/gamess.00.x trf-local 

          ******************************************************
          *         GAMESS VERSION = 20 APR 2017 (R1)          *
          *             FROM IOWA STATE UNIVERSITY             *
          * M.W.SCHMIDT, K.K.BALDRIDGE, J.A.BOATZ, S.T.ELBERT, *
          *   M.S.GORDON, J.H.JENSEN, S.KOSEKI, N.MATSUNAGA,   *
          *          K.A.NGUYEN, S.J.SU, T.L.WINDUS,           *
          *       TOGETHER WITH M.DUPUIS, J.A.MONTGOMERY       *
          *         J.COMPUT.CHEM.  14, 1347-1363(1993)        *
          **************** 64 BIT LINUX VERSION ****************

  SINCE 1993, STUDENTS AND POSTDOCS WORKING AT IOWA STATE UNIVERSITY
  AND ALSO IN THEIR VARIOUS JOBS AFTER LEAVING ISU HAVE MADE IMPORTANT
  CONTRIBUTIONS TO THE CODE:
     IVANA ADAMOVIC, CHRISTINE AIKENS, YURI ALEXEEV, POOJA ARORA,
     ANDREY ASADCHEV, ROB BELL, PRADIPTA BANDYOPADHYAY, JONATHAN BENTZ,
     BRETT BODE, KURT BRORSEN, CALEB CARLIN, GALINA CHABAN, WEI CHEN,
     CHEOL HO CHOI, PAUL DAY, ALBERT DEFUSCO, NUWAN DESILVA, TIM DUDLEY,
     DMITRI FEDOROV, GRAHAM FLETCHER, MARK FREITAG, KURT GLAESEMANN,
     DAN KEMP, GRANT MERRILL, NORIYUKI MINEZAWA, JONATHAN MULLIN,
     TAKESHI NAGATA, SEAN NEDD, HEATHER NETZLOFF, BOSILJKA NJEGIC, RYAN OLSON,
     MIKE PAK, SPENCER PRUITT, LUKE ROSKOP, JIM SHOEMAKER, LYUDMILA SLIPCHENKO,
     TONY SMITH, SAROM SOK LEANG, JIE SONG, TETSUYA TAKETSUGU, SIMON WEBB,
     PENG XU, SOOHAENG YOO, FEDERICO ZAHARIEV

  ADDITIONAL CODE HAS BEEN PROVIDED BY COLLABORATORS IN OTHER GROUPS:
     IOWA STATE UNIVERSITY:
          JOE IVANIC, AARON WEST, LAIMUTIS BYTAUTAS, KLAUS RUEDENBERG
     UNIVERSITY OF TOKYO: KIMIHIKO HIRAO, TAKAHITO NAKAJIMA,
          TAKAO TSUNEDA, MUNEAKI KAMIYA, SUSUMU YANAGISAWA,
          KIYOSHI YAGI, MAHITO CHIBA, SEIKEN TOKURA, NAOAKI KAWAKAMI
     UNIVERSITY OF AARHUS: FRANK JENSEN
     UNIVERSITY OF IOWA: VISVALDAS KAIRYS, HUI LI
     NATIONAL INST. OF STANDARDS AND TECHNOLOGY: WALT STEVENS, DAVID GARMER
     UNIVERSITY OF PISA: BENEDETTA MENNUCCI, JACOPO TOMASI
     UNIVERSITY OF MEMPHIS: HENRY KURTZ, PRAKASHAN KORAMBATH
     UNIVERSITY OF ALBERTA: TOBY ZENG, MARIUSZ KLOBUKOWSKI
     UNIVERSITY OF NEW ENGLAND: MARK SPACKMAN
     MIE UNIVERSITY: HIROAKI UMEDA
     NAT. INST. OF ADVANCED INDUSTRIAL SCIENCE AND TECHNOLOGY: KAZUO KITAURA
     MICHIGAN STATE UNIVERSITY:
          KAROL KOWALSKI, MARTA WLOCH, JEFFREY GOUR, JESSE LUTZ,
          WEI LI, PIOTR PIECUCH
     UNIVERSITY OF SILESIA: MONIKA MUSIAL, STANISLAW KUCHARSKI
     FACULTES UNIVERSITAIRES NOTRE-DAME DE LA PAIX:
          OLIVIER QUINET, BENOIT CHAMPAGNE
     UNIVERSITY OF CALIFORNIA - SANTA BARBARA: BERNARD KIRTMAN
     INSTITUTE FOR MOLECULAR SCIENCE:
          KAZUYA ISHIMURA, MICHIO KATOUDA, AND SHIGERU NAGASE
     UNIVERSITY OF NOTRE DAME: ANNA POMOGAEVA, DAN CHIPMAN
     KYUSHU UNIVERSITY:
          HARUYUKI NAKANO,
          FENG LONG GU, JACEK KORCHOWIEC, MARCIN MAKOWSKI, AND YURIKO AOKI,
          HIROTOSHI MORI AND EISAKU MIYOSHI
     PENNSYLVANIA STATE UNIVERSITY:
          TZVETELIN IORDANOV, CHET SWALINA, JONATHAN SKONE,
          SHARON HAMMES-SCHIFFER
     WASEDA UNIVERSITY:
          MASATO KOBAYASHI, TOMOKO AKAMA, TSUGUKI TOUMA,
          TAKESHI YOSHIKAWA, YASUHIRO IKABATA, JUNJI SEINO,
          YUYA NAKAJIMA, HIROMI NAKAI
     NANJING UNIVERSITY: SHUHUA LI
     UNIVERSITY OF NEBRASKA:
          PEIFENG SU, DEJUN SI, NANDUN THELLAMUREGE, YALI WANG, HUI LI
     UNIVERSITY OF ZURICH: ROBERTO PEVERATI, KIM BALDRIDGE
     N. COPERNICUS UNIVERSITY AND JACKSON STATE UNIVERSITY:
          MARIA BARYSZ
     UNIVERSITY OF COPENHAGEN: Jimmy Kromann, CASPER STEINMANN
     TOKYO INSTITUTE OF TECHNOLOGY: HIROYA NAKATA
     NAGOYA UNIVERSITY: YOSHIO NISHIMOTO, STEPHAN IRLE
     MOSCOW STATE UNIVERSITY: VLADIMIR MIRONOV

 EXECUTION OF GAMESS BEGUN Wed Aug  9 20:28:11 2017

            ECHO OF THE FIRST FEW INPUT CARDS -
 INPUT CARD>!  Anthracene C14H10 localized orbital test...80 AOs, 47 MOs                    
 INPUT CARD>!  R.C.Raffenetti, K.Ruedenberg, C.L.Janssen, H.F.Schaefer                      
 INPUT CARD>!  Theoret.Chim.Acta, 1993, 86, 149-165.                                        
 INPUT CARD>!                                                                               
 INPUT CARD>!  FINAL energy= -534.6438211765 after 9 iterations                             
 INPUT CARD>!  initial DIAGONAL localization sum = 22.0028900573                            
 INPUT CARD>!    final DIAGONAL localization sum = 69.8197871100                            
 INPUT CARD>!                                                                               
 INPUT CARD>!  about 4200 Jacobi rotations are performed (this depends on machine)          
 INPUT CARD>!                                                                               
 INPUT CARD>!  This run takes 49 seconds on 2.66 GHz Cloverton (15 Apr 2015)                
 INPUT CARD>!      p=4 needed 14                                                            
 INPUT CARD>!  results haven't changed substantially since creation in 2010.                
 INPUT CARD>!                                                                               
 INPUT CARD>!  This job will run in parallel, but w/poor scalability, due to the            
 INPUT CARD>!  large number of core MOs, and the serial localization program.               
 INPUT CARD>!                                                                               
 INPUT CARD> $contrl scftyp=rhf runtyp=energy local=ruednbrg units=bohr $end                
 INPUT CARD> $system parall=.true. mwords=1 memddi=6 $end                                   
 INPUT CARD> $guess  guess=huckel $end                                                      
 INPUT CARD> $local  prtloc=.true. fcore=.false. $end                                       
 INPUT CARD> $scf    dirscf=.true. $end                                                     
 INPUT CARD> $data                                                                          
 INPUT CARD>Anthracene...Schmidt/Ruedenberg ET 8s4p or 3s basis, general contraction to MBS 
 INPUT CARD>Dnh  2                                                                          
 INPUT CARD>                                                                                
 INPUT CARD>Carbon   6.0    0.000000000    2.645667625  0.0                                 
 INPUT CARD>        S    8                                                                  
 INPUT CARD>    1  0.178584957E+00  0.754962630E-02                                         
 INPUT CARD>    2  0.626634968E+00 -0.193265195E-01                                         
 INPUT CARD>    3  0.219879317E+01  0.262460311E+00                                         
 INPUT CARD>    4  0.771532338E+01  0.555048245E+00                                         
 INPUT CARD>    5  0.270722211E+02  0.259856799E+00                                         
 INPUT CARD>    6  0.949934457E+02  0.713328252E-01                                         
 INPUT CARD>    7  0.333321552E+03  0.145266063E-01                                         
 INPUT CARD>    8  0.116958866E+04  0.467229380E-02                                         
 INPUT CARD>        S    8                                                                  
 INPUT CARD>    1  0.178584957E+00  0.674643301E+00                                         
 INPUT CARD>    2  0.626634968E+00  0.484006637E+00                                         
 INPUT CARD>    3  0.219879317E+01 -0.152816297E+00                                         
 INPUT CARD>    4  0.771532338E+01 -0.176411964E+00                                         
 INPUT CARD>    5  0.270722211E+02 -0.603364973E-01                                         
 INPUT CARD>    6  0.949934457E+02 -0.159998630E-01                                         
 INPUT CARD>    7  0.333321552E+03 -0.306628910E-02                                         
 INPUT CARD>    8  0.116958866E+04 -0.101102010E-02                                         
 INPUT CARD>        P    4                                                                  
 INPUT CARD>    1  0.158055186E+00  0.498518341E+00                                         
 INPUT CARD>    2  0.599348425E+00  0.512619431E+00                                         
 INPUT CARD>    3  0.227274121E+01  0.175334450E+00                                         
 INPUT CARD>    4  0.861828014E+01  0.365836476E-01                                         
    1000000 WORDS OF MEMORY AVAILABLE


     RUN TITLE
     ---------
 Anthracene...Schmidt/Ruedenberg ET 8s4p or 3s basis, general contraction to MBS 

 THE POINT GROUP OF THE MOLECULE IS DNH     
 THE ORDER OF THE PRINCIPAL AXIS IS     2

 ATOM      ATOMIC                      COORDINATES (BOHR)
           CHARGE         X                   Y                   Z
 CARBON      6.0    -0.0000000000       -2.6456676250        0.0000000000
 CARBON      6.0     0.0000000000        2.6456676250        0.0000000000
 CARBON      6.0    -2.2912152500       -1.3228338120        0.0000000000
 CARBON      6.0     2.2912152500       -1.3228338120        0.0000000000
 CARBON      6.0    -2.2912152500        1.3228338120        0.0000000000
 CARBON      6.0     2.2912152500        1.3228338120        0.0000000000
 CARBON      6.0    -4.5824304990       -2.6456676250        0.0000000000
 CARBON      6.0     4.5824304990       -2.6456676250        0.0000000000
 CARBON      6.0    -4.5824304990        2.6456676250        0.0000000000
 CARBON      6.0     4.5824304990        2.6456676250        0.0000000000
 CARBON      6.0    -6.8736459380       -1.3228338120        0.0000000000
 CARBON      6.0     6.8736459380       -1.3228338120        0.0000000000
 CARBON      6.0    -6.8736459380        1.3228338120        0.0000000000
 CARBON      6.0     6.8736459380        1.3228338120        0.0000000000
 HYDROGEN    1.0    -0.0000000000       -4.7244064730        0.0000000000
 HYDROGEN    1.0     0.0000000000        4.7244064730        0.0000000000
 HYDROGEN    1.0    -4.5824304990       -4.7244064730        0.0000000000
 HYDROGEN    1.0     4.5824304990       -4.7244064730        0.0000000000
 HYDROGEN    1.0    -4.5824304990        4.7244064730        0.0000000000
 HYDROGEN    1.0     4.5824304990        4.7244064730        0.0000000000
 HYDROGEN    1.0    -8.6738865050       -2.3622032360        0.0000000000
 HYDROGEN    1.0     8.6738865050       -2.3622032360        0.0000000000
 HYDROGEN    1.0    -8.6738865050        2.3622032360        0.0000000000
 HYDROGEN    1.0     8.6738865050        2.3622032360        0.0000000000

          INTERNUCLEAR DISTANCES (ANGS.)
          ------------------------------

                1 CARB       2 CARB       3 CARB       4 CARB       5 CARB  

   1 CARB    0.0000000    2.8000542 *  1.4000271 *  1.4000271 *  2.4249181 *
   2 CARB    2.8000542 *  0.0000000    2.4249181 *  2.4249181 *  1.4000271 *
   3 CARB    1.4000271 *  2.4249181 *  0.0000000    2.4249180 *  1.4000271 *
   4 CARB    1.4000271 *  2.4249181 *  2.4249180 *  0.0000000    2.8000541 *
   5 CARB    2.4249181 *  1.4000271 *  1.4000271 *  2.8000541 *  0.0000000  
   6 CARB    2.4249181 *  1.4000271 *  2.8000541 *  1.4000271 *  2.4249180 *
   7 CARB    2.4249180 *  3.7041235    1.4000271 *  3.7041234    2.4249181 *
   8 CARB    2.4249180 *  3.7041235    3.7041234    1.4000271 *  4.2000812  
   9 CARB    3.7041235    2.4249180 *  2.4249181 *  4.2000812    1.4000271 *
  10 CARB    3.7041235    2.4249180 *  4.2000812    2.4249181 *  3.7041234  
  11 CARB    3.7041235    4.2000813    2.4249181 *  4.8498360    2.8000542 *
  12 CARB    3.7041235    4.2000813    4.8498360    2.4249181 *  5.0478694  
  13 CARB    4.2000813    3.7041235    2.8000542 *  5.0478694    2.4249181 *
  14 CARB    4.2000813    3.7041235    5.0478694    2.8000542 *  4.8498360  
  15 HYDR    1.1000213 *  3.9000755    2.1702954 *  2.1702954 *  3.4220540  
  16 HYDR    3.9000755    1.1000213 *  3.4220540    3.4220540    2.1702954 *
  17 HYDR    2.6627568 *  4.5924739    2.1702954 *  4.0584032    3.4220540  
  18 HYDR    2.6627568 *  4.5924739    4.0584032    2.1702954 *  4.8446783  
  19 HYDR    4.5924739    2.6627568 *  3.4220540    4.8446783    2.1702954 *
  20 HYDR    4.5924739    2.6627568 *  4.8446783    3.4220540    4.0584032  
  21 HYDR    4.5924738    5.3001025    3.4220539    5.8284915    3.9000755  
  22 HYDR    4.5924738    5.3001025    5.8284915    3.4220539    6.1213927  
  23 HYDR    5.3001025    4.5924738    3.9000755    6.1213927    3.4220539  
  24 HYDR    5.3001025    4.5924738    6.1213927    3.9000755    5.8284915  

                6 CARB       7 CARB       8 CARB       9 CARB      10 CARB  

   1 CARB    2.4249181 *  2.4249180 *  2.4249180 *  3.7041235    3.7041235  
   2 CARB    1.4000271 *  3.7041235    3.7041235    2.4249180 *  2.4249180 *
   3 CARB    2.8000541 *  1.4000271 *  3.7041234    2.4249181 *  4.2000812  
   4 CARB    1.4000271 *  3.7041234    1.4000271 *  4.2000812    2.4249181 *
   5 CARB    2.4249180 *  2.4249181 *  4.2000812    1.4000271 *  3.7041234  
   6 CARB    0.0000000    4.2000812    2.4249181 *  3.7041234    1.4000271 *
   7 CARB    4.2000812    0.0000000    4.8498359    2.8000542 *  5.6001082  
   8 CARB    2.4249181 *  4.8498359    0.0000000    5.6001082    2.8000542 *
   9 CARB    3.7041234    2.8000542 *  5.6001082    0.0000000    4.8498359  
  10 CARB    1.4000271 *  5.6001082    2.8000542 *  4.8498359    0.0000000  
  11 CARB    5.0478694    1.4000271 *  6.1025765    2.4249181 *  6.4157300  
  12 CARB    2.8000542 *  6.1025765    1.4000271 *  6.4157300    2.4249181 *
  13 CARB    4.8498360    2.4249181 *  6.4157300    1.4000271 *  6.1025765  
  14 CARB    2.4249181 *  6.4157300    2.4249181 *  6.1025765    1.4000271 *
  15 HYDR    3.4220540    2.6627568 *  2.6627568 *  4.5924739    4.5924739  
  16 HYDR    2.1702954 *  4.5924739    4.5924739    2.6627568 *  2.6627568 *
  17 HYDR    4.8446783    1.1000213 *  4.9730228    3.9000755    6.2234635  
  18 HYDR    3.4220540    4.9730228    1.1000213 *  6.2234635    3.9000755  
  19 HYDR    4.0584032    3.9000755    6.2234635    1.1000213 *  4.9730228  
  20 HYDR    2.1702954 *  6.2234635    3.9000755    4.9730228    1.1000213 *
  21 HYDR    6.1213927    2.1702955 *  7.0165450    3.4220540    7.4988115  
  22 HYDR    3.9000755    7.0165450    2.1702955 *  7.4988115    3.4220540  
  23 HYDR    5.8284915    3.4220540    7.4988115    2.1702955 *  7.0165450  
  24 HYDR    3.4220539    7.4988115    3.4220540    7.0165450    2.1702955 *

               11 CARB      12 CARB      13 CARB      14 CARB      15 HYDR  

   1 CARB    3.7041235    3.7041235    4.2000813    4.2000813    1.1000213 *
   2 CARB    4.2000813    4.2000813    3.7041235    3.7041235    3.9000755  
   3 CARB    2.4249181 *  4.8498360    2.8000542 *  5.0478694    2.1702954 *
   4 CARB    4.8498360    2.4249181 *  5.0478694    2.8000542 *  2.1702954 *
   5 CARB    2.8000542 *  5.0478694    2.4249181 *  4.8498360    3.4220540  
   6 CARB    5.0478694    2.8000542 *  4.8498360    2.4249181 *  3.4220540  
   7 CARB    1.4000271 *  6.1025765    2.4249181 *  6.4157300    2.6627568 *
   8 CARB    6.1025765    1.4000271 *  6.4157300    2.4249181 *  2.6627568 *
   9 CARB    2.4249181 *  6.4157300    1.4000271 *  6.1025765    4.5924739  
  10 CARB    6.4157300    2.4249181 *  6.1025765    1.4000271 *  4.5924739  
  11 CARB    0.0000000    7.2747541    1.4000271 *  7.4082470    4.0584033  
  12 CARB    7.2747541    0.0000000    7.4082470    1.4000271 *  4.0584033  
  13 CARB    1.4000271 *  7.4082470    0.0000000    7.2747541    4.8446784  
  14 CARB    7.4082470    1.4000271 *  7.2747541    0.0000000    4.8446784  
  15 HYDR    4.0584033    4.0584033    4.8446784    4.8446784    0.0000000  
  16 HYDR    4.8446784    4.8446784    4.0584033    4.0584033    5.0000968  
  17 HYDR    2.1702955 *  6.3238870    3.4220540    6.8550578    2.4249180 *
  18 HYDR    6.3238870    2.1702955 *  6.8550578    3.4220540    2.4249180 *
  19 HYDR    3.4220540    6.8550578    2.1702955 *  6.3238870    5.5570852  
  20 HYDR    6.8550578    3.4220540    6.3238870    2.1702955 *  5.5570852  
  21 HYDR    1.1000213 *  8.2457644    2.1702955 *  8.4553395    4.7571920  
  22 HYDR    8.2457644    1.1000213 *  8.4553395    2.1702955 *  4.7571920  
  23 HYDR    2.1702955 *  8.4553395    1.1000213 *  8.2457644    5.9271713  
  24 HYDR    8.4553395    2.1702955 *  8.2457644    1.1000213 *  5.9271713  

               16 HYDR      17 HYDR      18 HYDR      19 HYDR      20 HYDR  

   1 CARB    3.9000755    2.6627568 *  2.6627568 *  4.5924739    4.5924739  
   2 CARB    1.1000213 *  4.5924739    4.5924739    2.6627568 *  2.6627568 *
   3 CARB    3.4220540    2.1702954 *  4.0584032    3.4220540    4.8446783  
   4 CARB    3.4220540    4.0584032    2.1702954 *  4.8446783    3.4220540  
   5 CARB    2.1702954 *  3.4220540    4.8446783    2.1702954 *  4.0584032  
   6 CARB    2.1702954 *  4.8446783    3.4220540    4.0584032    2.1702954 *
   7 CARB    4.5924739    1.1000213 *  4.9730228    3.9000755    6.2234635  
   8 CARB    4.5924739    4.9730228    1.1000213 *  6.2234635    3.9000755  
   9 CARB    2.6627568 *  3.9000755    6.2234635    1.1000213 *  4.9730228  
  10 CARB    2.6627568 *  6.2234635    3.9000755    4.9730228    1.1000213 *
  11 CARB    4.8446784    2.1702955 *  6.3238870    3.4220540    6.8550578  
  12 CARB    4.8446784    6.3238870    2.1702955 *  6.8550578    3.4220540  
  13 CARB    4.0584033    3.4220540    6.8550578    2.1702955 *  6.3238870  
  14 CARB    4.0584033    6.8550578    3.4220540    6.3238870    2.1702955 *
  15 HYDR    5.0000968    2.4249180 *  2.4249180 *  5.5570852    5.5570852  
  16 HYDR    0.0000000    5.5570852    5.5570852    2.4249180 *  2.4249180 *
  17 HYDR    5.5570852    0.0000000    4.8498359    5.0000968    6.9657646  
  18 HYDR    5.5570852    4.8498359    0.0000000    6.9657646    5.0000968  
  19 HYDR    2.4249180 *  5.0000968    6.9657646    0.0000000    4.8498359  
  20 HYDR    2.4249180 *  6.9657646    5.0000968    4.8498359    0.0000000  
  21 HYDR    5.9271713    2.5000484 *  7.1254448    4.3302109    7.9543980  
  22 HYDR    5.9271713    7.1254448    2.5000484 *  7.9543980    4.3302109  
  23 HYDR    4.7571920    4.3302109    7.9543980    2.5000484 *  7.1254448  
  24 HYDR    4.7571920    7.9543980    4.3302109    7.1254448    2.5000484 *

               21 HYDR      22 HYDR      23 HYDR      24 HYDR  

   1 CARB    4.5924738    4.5924738    5.3001025    5.3001025  
   2 CARB    5.3001025    5.3001025    4.5924738    4.5924738  
   3 CARB    3.4220539    5.8284915    3.9000755    6.1213927  
   4 CARB    5.8284915    3.4220539    6.1213927    3.9000755  
   5 CARB    3.9000755    6.1213927    3.4220539    5.8284915  
   6 CARB    6.1213927    3.9000755    5.8284915    3.4220539  
   7 CARB    2.1702955 *  7.0165450    3.4220540    7.4988115  
   8 CARB    7.0165450    2.1702955 *  7.4988115    3.4220540  
   9 CARB    3.4220540    7.4988115    2.1702955 *  7.0165450  
  10 CARB    7.4988115    3.4220540    7.0165450    2.1702955 *
  11 CARB    1.1000213 *  8.2457644    2.1702955 *  8.4553395  
  12 CARB    8.2457644    1.1000213 *  8.4553395    2.1702955 *
  13 CARB    2.1702955 *  8.4553395    1.1000213 *  8.2457644  
  14 CARB    8.4553395    2.1702955 *  8.2457644    1.1000213 *
  15 HYDR    4.7571920    4.7571920    5.9271713    5.9271713  
  16 HYDR    5.9271713    5.9271713    4.7571920    4.7571920  
  17 HYDR    2.5000484 *  7.1254448    4.3302109    7.9543980  
  18 HYDR    7.1254448    2.5000484 *  7.9543980    4.3302109  
  19 HYDR    4.3302109    7.9543980    2.5000484 *  7.1254448  
  20 HYDR    7.9543980    4.3302109    7.1254448    2.5000484 *
  21 HYDR    0.0000000    9.1800468    2.5000484 *  9.5143839  
  22 HYDR    9.1800468    0.0000000    9.5143839    2.5000484 *
  23 HYDR    2.5000484 *  9.5143839    0.0000000    9.1800468  
  24 HYDR    9.5143839    2.5000484 *  9.1800468    0.0000000  

  * ... LESS THAN  3.000


     ATOMIC BASIS SET
     ----------------
 THE CONTRACTED PRIMITIVE FUNCTIONS HAVE BEEN UNNORMALIZED
 THE CONTRACTED BASIS FUNCTIONS ARE NOW NORMALIZED TO UNITY

  SHELL TYPE  PRIMITIVE        EXPONENT          CONTRACTION COEFFICIENT(S)

 CARBON    

      4   S       1             0.1785850    0.007549626303
      4   S       2             0.6266350   -0.019326519507
      4   S       3             2.1987932    0.262460311094
      4   S       4             7.7153234    0.555048245198
      4   S       5            27.0722211    0.259856799093
      4   S       6            94.9934457    0.071332825225
      4   S       7           333.3215520    0.014526606305
      4   S       8          1169.5886600    0.004672293802

      5   S       9             0.1785850    0.674643301306
      5   S      10             0.6266350    0.484006637220
      5   S      11             2.1987932   -0.152816297069
      5   S      12             7.7153234   -0.176411964080
      5   S      13            27.0722211   -0.060336497327
      5   S      14            94.9934457   -0.015999863007
      5   S      15           333.3215520   -0.003066289101
      5   S      16          1169.5886600   -0.001011020100

      6   P      17             0.1580552    0.498518340695
      6   P      18             0.5993484    0.512619430686
      6   P      19             2.2727412    0.175334449893
      6   P      20             8.6182801    0.036583647578

 CARBON    

     16   S      21             0.1785850    0.007549626303
     16   S      22             0.6266350   -0.019326519507
     16   S      23             2.1987932    0.262460311094
     16   S      24             7.7153234    0.555048245198
     16   S      25            27.0722211    0.259856799093
     16   S      26            94.9934457    0.071332825225
     16   S      27           333.3215520    0.014526606305
     16   S      28          1169.5886600    0.004672293802

     17   S      29             0.1785850    0.674643301306
     17   S      30             0.6266350    0.484006637220
     17   S      31             2.1987932   -0.152816297069
     17   S      32             7.7153234   -0.176411964080
     17   S      33            27.0722211   -0.060336497327
     17   S      34            94.9934457   -0.015999863007
     17   S      35           333.3215520   -0.003066289101
     17   S      36          1169.5886600   -0.001011020100

     18   P      37             0.1580552    0.498518340695
     18   P      38             0.5993484    0.512619430686
     18   P      39             2.2727412    0.175334449893
     18   P      40             8.6182801    0.036583647578

 CARBON    

     28   S      41             0.1785850    0.007549626303
     28   S      42             0.6266350   -0.019326519507
     28   S      43             2.1987932    0.262460311094
     28   S      44             7.7153234    0.555048245198
     28   S      45            27.0722211    0.259856799093
     28   S      46            94.9934457    0.071332825225
     28   S      47           333.3215520    0.014526606305
     28   S      48          1169.5886600    0.004672293802

     29   S      49             0.1785850    0.674643301306
     29   S      50             0.6266350    0.484006637220
     29   S      51             2.1987932   -0.152816297069
     29   S      52             7.7153234   -0.176411964080
     29   S      53            27.0722211   -0.060336497327
     29   S      54            94.9934457   -0.015999863007
     29   S      55           333.3215520   -0.003066289101
     29   S      56          1169.5886600   -0.001011020100

     30   P      57             0.1580552    0.498518340695
     30   P      58             0.5993484    0.512619430686
     30   P      59             2.2727412    0.175334449893
     30   P      60             8.6182801    0.036583647578

 CARBON    

     40   S      61             0.1785850    0.007549626303
     40   S      62             0.6266350   -0.019326519507
     40   S      63             2.1987932    0.262460311094
     40   S      64             7.7153234    0.555048245198
     40   S      65            27.0722211    0.259856799093
     40   S      66            94.9934457    0.071332825225
     40   S      67           333.3215520    0.014526606305
     40   S      68          1169.5886600    0.004672293802

     41   S      69             0.1785850    0.674643301306
     41   S      70             0.6266350    0.484006637220
     41   S      71             2.1987932   -0.152816297069
     41   S      72             7.7153234   -0.176411964080
     41   S      73            27.0722211   -0.060336497327
     41   S      74            94.9934457   -0.015999863007
     41   S      75           333.3215520   -0.003066289101
     41   S      76          1169.5886600   -0.001011020100

     42   P      77             0.1580552    0.498518340695
     42   P      78             0.5993484    0.512619430686
     42   P      79             2.2727412    0.175334449893
     42   P      80             8.6182801    0.036583647578

 HYDROGEN  

     44   S      81             0.1630160    0.707913387039
     44   S      82             0.7956357    0.346004717019
     44   S      83             3.8832750    0.069150693304

 HYDROGEN  

     48   S      84             0.1630160    0.707913387039
     48   S      85             0.7956357    0.346004717019
     48   S      86             3.8832750    0.069150693304

 HYDROGEN  

     52   S      87             0.1630160    0.707913387039
     52   S      88             0.7956357    0.346004717019
     52   S      89             3.8832750    0.069150693304

 TOTAL NUMBER OF BASIS SET SHELLS             =   52
 NUMBER OF CARTESIAN GAUSSIAN BASIS FUNCTIONS =   80
 NUMBER OF ELECTRONS                          =   94
 CHARGE OF MOLECULE                           =    0
 SPIN MULTIPLICITY                            =    1
 NUMBER OF OCCUPIED ORBITALS (ALPHA)          =   47
 NUMBER OF OCCUPIED ORBITALS (BETA )          =   47
 TOTAL NUMBER OF ATOMS                        =   24
 THE NUCLEAR REPULSION ENERGY IS      771.0958872700

     $CONTRL OPTIONS
     ---------------
 SCFTYP=RHF          RUNTYP=ENERGY       EXETYP=RUN     
 MPLEVL=       0     CITYP =NONE         CCTYP =NONE         VBTYP =NONE    
 DFTTYP=NONE         TDDFT =NONE    
 MULT  =       1     ICHARG=       0     NZVAR =       0     COORD =UNIQUE  
 PP    =NONE         RELWFN=NONE         LOCAL =RUEDNBRG     NUMGRD=       F
 ISPHER=      -1     NOSYM =       0     MAXIT =      30     UNITS =BOHR    
 PLTORB=       F     MOLPLT=       F     AIMPAC=       F     FRIEND=        
 NPRINT=       7     IREST =       0     GEOM  =INPUT   
 NORMF =       0     NORMP =       0     ITOL  =      20     ICUT  =       9
 INTTYP=BEST         GRDTYP=BEST         QMTTOL= 1.0E-06

     $SYSTEM OPTIONS
     ---------------
  REPLICATED MEMORY=     1000000 WORDS (ON EVERY NODE).
 DISTRIBUTED MEMDDI=           6 MILLION WORDS IN AGGREGATE,
 MEMDDI DISTRIBUTED OVER   1 PROCESSORS IS     6000000 WORDS/PROCESSOR.
 TOTAL MEMORY REQUESTED ON EACH PROCESSOR=     7000000 WORDS.
 TIMLIM=      525600.00 MINUTES, OR     365.0 DAYS.
 PARALL= T  BALTYP=  DLB     KDIAG=    0  COREFL= F
 MXSEQ2=     300 MXSEQ3=     150  mem10=         0

          ----------------
          PROPERTIES INPUT
          ----------------

     MOMENTS            FIELD           POTENTIAL          DENSITY
 IEMOM =       1   IEFLD =       0   IEPOT =       0   IEDEN =       0
 WHERE =COMASS     WHERE =NUCLEI     WHERE =NUCLEI     WHERE =NUCLEI  
 OUTPUT=BOTH       OUTPUT=BOTH       OUTPUT=BOTH       OUTPUT=BOTH    
 IEMINT=       0   IEFINT=       0                     IEDINT=       0
                                                       MORB  =       0
          EXTRAPOLATION IN EFFECT
          SOSCF IN EFFECT
 ORBITAL PRINTING OPTION: NPREO=     1    80     2     1

     -------------------------------
     INTEGRAL TRANSFORMATION OPTIONS
     -------------------------------
     NWORD  =            0
     CUTOFF = 1.0E-09     MPTRAN =       0
     DIRTRF =       T     AOINTS =DUP     

          -----------------------------
          LOCALIZATION INPUT PARAMETERS
          -----------------------------
           LOCAL=RUEDNBRG      NOUTA=       0
          PRTLOC=       T      NOUTB=       0
          MAXLOC=     250     CVGLOC=1.00E-06
           FCORE=       F     SYMLOC=       F
          MOIDON=       F     EDCOMP=       F
          DIPDCM=       F      NPROT=       0
          QADDCM=       F     DEPRNT=       F
          POLNUM=       F     ORIENT=       F
          POLDYN=       F      VMTOL=1.50E-01
          NPRDTL=       2

          ----------------------
          INTEGRAL INPUT OPTIONS
          ----------------------
 NOPK  =       1 NORDER=       0 SCHWRZ=       T

     ------------------------------------------
     THE POINT GROUP IS DNH, NAXIS= 2, ORDER= 8
     ------------------------------------------

     DIMENSIONS OF THE SYMMETRY SUBSPACES ARE
 AG  =   18     AU  =    3     B3U =   15     B3G =    4     B1G =   15
 B1U =    4     B2U =   18     B2G =    3

 ..... DONE SETTING UP THE RUN .....
 CPU     0: STEP CPU TIME=     0.02 TOTAL CPU TIME=        0.0 (    0.0 MIN)
 TOTAL WALL CLOCK TIME=        0.0 SECONDS, CPU UTILIZATION IS  66.67%

          ********************
          1 ELECTRON INTEGRALS
          ********************
 ...... END OF ONE-ELECTRON INTEGRALS ......
 CPU     0: STEP CPU TIME=     0.05 TOTAL CPU TIME=        0.1 (    0.0 MIN)
 TOTAL WALL CLOCK TIME=        0.1 SECONDS, CPU UTILIZATION IS 100.00%

          -------------
          GUESS OPTIONS
          -------------
          GUESS =HUCKEL            NORB  =       0          NORDER=       0
          MIX   =       F          PRTMO =       F          PUNMO =       F
          TOLZ  = 1.0E-08          TOLE  = 1.0E-05
          SYMDEN=       F          PURIFY=       F

 INITIAL GUESS ORBITALS GENERATED BY HUCKEL   ROUTINE.
 HUCKEL GUESS REQUIRES     87672 WORDS.

 SYMMETRIES FOR INITIAL GUESS ORBITALS FOLLOW.   BOTH SET(S).
    47 ORBITALS ARE OCCUPIED (   14 CORE ORBITALS).
    15=AG      16=B3U     17=AG      18=B2U     19=B1G     20=B3U     21=B2U 
    22=AG      23=AG      24=B1G     25=B3U     26=B3U     27=AG      28=B2U 
    29=B1U     30=B2G     31=B1G     32=B2U     33=AG      34=B3U     35=B2U 
    36=B1G     37=B1U     38=B3G     39=AG      40=B3U     41=AU      42=B2U 
    43=B2G     44=B3U     45=AG      46=B3G     47=B1G     48=B1U     49=B2G 
    50=AU      51=B1U     52=B3G     53=AG      54=AG      55=AG      56=AG  
    57=AG  
 ...... END OF INITIAL ORBITAL SELECTION ......
 CPU     0: STEP CPU TIME=     0.03 TOTAL CPU TIME=        0.1 (    0.0 MIN)
 TOTAL WALL CLOCK TIME=        0.1 SECONDS, CPU UTILIZATION IS 100.00%

                    ----------------------
                    AO INTEGRAL TECHNOLOGY
                    ----------------------
     S,P,L SHELL ROTATED AXIS INTEGRALS, REPROGRAMMED BY
        KAZUYA ISHIMURA (IMS) AND JOSE SIERRA (SYNSTAR).
     S,P,D,L SHELL ROTATED AXIS INTEGRALS PROGRAMMED BY
        KAZUYA ISHIMURA (INSTITUTE FOR MOLECULAR SCIENCE).
     S,P,D,F,G SHELL TO TOTAL QUARTET ANGULAR MOMENTUM SUM 5,
        ERIC PROGRAM BY GRAHAM FLETCHER (ELORET AND NASA ADVANCED
        SUPERCOMPUTING DIVISION, AMES RESEARCH CENTER).
     S,P,D,F,G,L SHELL GENERAL RYS QUADRATURE PROGRAMMED BY
        MICHEL DUPUIS (PACIFIC NORTHWEST NATIONAL LABORATORY).

          --------------------
          2 ELECTRON INTEGRALS
          --------------------

 DIRECT SCF METHOD SKIPS INTEGRAL STORAGE ON DISK.
 DIRECT TRANSFORMATION SKIPS AO INTEGRAL STORAGE ON DISK.
  ...... END OF TWO-ELECTRON INTEGRALS .....
 CPU     0: STEP CPU TIME=     0.02 TOTAL CPU TIME=        0.1 (    0.0 MIN)
 TOTAL WALL CLOCK TIME=        0.1 SECONDS, CPU UTILIZATION IS 100.00%

          --------------------------
                 RHF SCF CALCULATION
          --------------------------

     NUCLEAR ENERGY =       771.0958872700
     MAXIT =   30     NPUNCH=    2
     EXTRAP=T  DAMP=F  SHIFT=F  RSTRCT=F  DIIS=F  DEM=F  SOSCF=T
     DENSITY MATRIX CONV=  2.00E-05
     SOSCF WILL OPTIMIZE    1551 ORBITAL ROTATIONS, SOGTOL=   0.250
     MEMORY REQUIRED FOR RHF ITERS=     99236 WORDS.

 DIRECT SCF CALCULATION, SCHWRZ=T   FDIFF=T,  DIRTHR=  0.00E+00 NITDIR=10
 SCHWARZ INEQUALITY OVERHEAD:      3240 INTEGRALS, T=        0.01

                                                                                   NONZERO     BLOCKS
 ITER EX DEM     TOTAL ENERGY        E CHANGE  DENSITY CHANGE     ORB. GRAD      INTEGRALS    SKIPPED
   1  0  0     -534.1795262042  -534.1795262042   0.231599860   0.000000000         675927      40956
          ---------------START SECOND ORDER SCF---------------
   2  1  0     -534.6329630574    -0.4534368531   0.057388739   0.018091011         667155      47116
   3  2  0     -534.6426970458    -0.0097339884   0.022828354   0.006682592         644317      59718
   4  3  0     -534.6437516695    -0.0010546237   0.003256088   0.002083409         631090      66271
   5  4  0     -534.6438082207    -0.0000565512   0.001915873   0.000732758         601344      79542
   6  5  0     -534.6438194198    -0.0000111992   0.001065355   0.000296811         580089      87864
   7  6  0     -534.6438211081    -0.0000016883   0.000164233   0.000055878         554216      98490
   8  7  0     -534.6438211748    -0.0000000667   0.000010835   0.000005772         525956     105685
   9  8  0     -534.6438211765    -0.0000000017   0.000004017   0.000001061         460928     125863

          -----------------
          DENSITY CONVERGED
          -----------------
     TIME TO FORM FOCK OPERATORS=      15.3 SECONDS (       1.7 SEC/ITER)
     FOCK TIME ON FIRST ITERATION=       1.9, LAST ITERATION=       1.4
     TIME TO SOLVE SCF EQUATIONS=       0.0 SECONDS (       0.0 SEC/ITER)

 FINAL RHF ENERGY IS     -534.6438211765 AFTER   9 ITERATIONS

          ------------
          EIGENVECTORS
          ------------

                      1          2          3          4          5
                  -11.4508   -11.4508   -11.4499   -11.4498   -11.4338
                     B3U        AG         B2U        B1G        B3U 
    1  C  1  S    0.000000   0.022395   0.025239   0.000000   0.000000
    2  C  1  S    0.000000  -0.000166  -0.000000   0.000000   0.000000
    3  C  1  X   -0.000942  -0.000000   0.000000  -0.000765   0.000206
    4  C  1  Y    0.000000   0.000095   0.001306   0.000000   0.000000
    5  C  1  Z    0.000000  -0.000000   0.000000   0.000000   0.000000
    6  C  2  S    0.000000   0.022395  -0.025239   0.000000   0.000000
    7  C  2  S    0.000000  -0.000166   0.000000   0.000000   0.000000
    8  C  2  X   -0.000942  -0.000000   0.000000   0.000765   0.000206
    9  C  2  Y    0.000000  -0.000095   0.001306   0.000000   0.000000
   10  C  2  Z    0.000000  -0.000000   0.000000   0.000000   0.000000
   11  C  3  S    0.499555   0.499360   0.499475   0.499880  -0.001726
   12  C  3  S    0.000339   0.000409   0.000359   0.000739   0.000035
   13  C  3  X    0.000307  -0.000350  -0.000220   0.000157   0.000275
   14  C  3  Y    0.000848   0.000390  -0.000714  -0.000402  -0.000326
   15  C  3  Z    0.000000  -0.000000   0.000000   0.000000   0.000000
   16  C  4  S   -0.499555   0.499360   0.499475  -0.499880   0.001726
   17  C  4  S   -0.000339   0.000409   0.000359  -0.000739  -0.000035
   18  C  4  X    0.000307   0.000350   0.000220   0.000157   0.000275
   19  C  4  Y   -0.000848   0.000390  -0.000714   0.000402   0.000326
   20  C  4  Z    0.000000  -0.000000   0.000000   0.000000   0.000000
   21  C  5  S    0.499555   0.499360  -0.499475  -0.499880  -0.001726
   22  C  5  S    0.000339   0.000409  -0.000359  -0.000739   0.000035
   23  C  5  X    0.000307  -0.000350   0.000220  -0.000157   0.000275
   24  C  5  Y   -0.000848  -0.000390  -0.000714  -0.000402   0.000326
   25  C  5  Z    0.000000  -0.000000   0.000000   0.000000   0.000000
   26  C  6  S   -0.499555   0.499360  -0.499475   0.499880   0.001726
   27  C  6  S   -0.000339   0.000409  -0.000359   0.000739  -0.000035
   28  C  6  X    0.000307   0.000350  -0.000220  -0.000157   0.000275
   29  C  6  Y    0.000848  -0.000390  -0.000714   0.000402  -0.000326
   30  C  6  Z    0.000000  -0.000000   0.000000   0.000000   0.000000
   31  C  7  S    0.011532   0.011974   0.013532   0.013352   0.110904
   32  C  7  S    0.000020  -0.000254  -0.000084   0.000010   0.000030
   33  C  7  X    0.000490   0.000429   0.000398   0.000333  -0.000451
   34  C  7  Y    0.000095  -0.000037   0.000605   0.000675  -0.000018
   35  C  7  Z    0.000000  -0.000000   0.000000   0.000000   0.000000
   36  C  8  S   -0.011532   0.011974   0.013532  -0.013352  -0.110904
   37  C  8  S   -0.000020  -0.000254  -0.000084  -0.000010  -0.000030
   38  C  8  X    0.000490  -0.000429  -0.000398   0.000333  -0.000451
   39  C  8  Y   -0.000095  -0.000037   0.000605  -0.000675   0.000018
   40  C  8  Z    0.000000  -0.000000   0.000000   0.000000   0.000000
   41  C  9  S    0.011532   0.011974  -0.013532  -0.013352   0.110904
   42  C  9  S    0.000020  -0.000254   0.000084  -0.000010   0.000030
   43  C  9  X    0.000490   0.000429  -0.000398  -0.000333  -0.000451
   44  C  9  Y   -0.000095   0.000037   0.000605   0.000675   0.000018
   45  C  9  Z    0.000000  -0.000000   0.000000   0.000000   0.000000
   46  C 10  S   -0.011532   0.011974  -0.013532   0.013352  -0.110904
   47  C 10  S   -0.000020  -0.000254   0.000084   0.000010  -0.000030
   48  C 10  X    0.000490  -0.000429   0.000398  -0.000333  -0.000451
   49  C 10  Y    0.000095   0.000037   0.000605  -0.000675  -0.000018
   50  C 10  Z    0.000000  -0.000000   0.000000   0.000000   0.000000
